4.1757025 0.0003325 3.5800e-11 2.0116e-13
4.1763675 0.0003325 3.6572e-11 2.0116e-13
4.1770325 0.0003325 3.5856e-11 2.0116e-13
4.1776975 0.0003325 3.4548e-11 2.0625e-13
4.1783625 0.0003325 3.5679e-11 2.0116e-13
4.1790275 0.0003325 3.6753e-11 2.0755e-13
4.1796925 0.0003325 3.7237e-11 2.0593e-13
4.1803575 0.0003325 3.7069e-11 1.8651e-13
4.1810225 0.0003325 3.6789e-11 1.9086e-13
4.1816875 0.0003325 3.6688e-11 1.9386e-13
4.1823525 0.0003325 3.6434e-11 1.9627e-13
4.1830175 0.0003325 3.6328e-11 1.8862e-13
4.1836825 0.0003325 3.6053e-11 1.8190e-13
4.1843475 0.0003325 3.5664e-11 1.8170e-13
4.1850125 0.0003325 3.4686e-11 1.8147e-13
4.1856775 0.0003325 3.5004e-11 1.8045e-13
4.1863425 0.0003325 3.4931e-11 1.8424e-13
4.1870075 0.0003325 3.4608e-11 1.8154e-13
4.1876725 0.0003325 3.5292e-11 1.8566e-13
4.1883375 0.0003325 3.5544e-11 2.0116e-13
4.1890025 0.0003325 3.5138e-11 2.0116e-13
4.1896675 0.0003325 3.5146e-11 2.0116e-13
4.1903325 0.0003325 3.4820e-11 2.0116e-13
4.1909975 0.0003325 3.5612e-11 2.0116e-13
4.1916625 0.0003325 3.6319e-11 2.0116e-13
4.1923275 0.0003325 3.6586e-11 2.0116e-13
4.1929925 0.0003325 3.6145e-11 2.0056e-13
4.1936575 0.0003325 3.4779e-11 1.9196e-13
4.1943225 0.0003325 3.5134e-11 1.8813e-13
4.1949875 0.0003325 3.6113e-11 1.8294e-13
4.1956525 0.0003325 3.6294e-11 1.8729e-13
4.1963175 0.0003325 3.6230e-11 1.8332e-13
4.1969825 0.0003325 3.5110e-11 1.7876e-13
4.1976475 0.0003325 3.5118e-11 1.8140e-13
4.1983125 0.0003325 3.5511e-11 1.8416e-13
4.1989775 0.0003325 3.5697e-11 1.8506e-13
4.1996425 0.0003325 3.5856e-11 1.9184e-13
4.2003075 0.0003325 3.6474e-11 1.9918e-13
4.2009725 0.0003325 3.6313e-11 1.9558e-13
4.2016375 0.0003325 3.6474e-11 1.9057e-13
4.2023025 0.0003325 3.7196e-11 1.8663e-13
4.2029675 0.0003325 3.7355e-11 1.9627e-13
4.2036325 0.0003325 3.7157e-11 2.0116e-13
4.2042975 0.0003325 3.6304e-11 2.0116e-13
4.2049625 0.0003325 3.6049e-11 2.0116e-13
4.2056275 0.0003325 3.6040e-11 2.0116e-13
4.2062925 0.0003325 3.6444e-11 2.0116e-13
4.2069575 0.0003325 3.6586e-11 2.0116e-13
4.2076225 0.0003325 3.7163e-11 2.0116e-13
4.2082875 0.0003325 3.7072e-11 1.9276e-13
4.2089525 0.0003325 3.5795e-11 1.8769e-13
4.2096175 0.0003325 3.6320e-11 1.8907e-13
4.2102825 0.0003325 3.6387e-11 1.9201e-13
4.2109475 0.0003325 3.5802e-11 1.8847e-13
4.2116125 0.0003325 3.6025e-11 1.8804e-13
4.2122775 0.0003325 3.5146e-11 1.8748e-13
4.2129425 0.0003325 3.4316e-11 1.8654e-13
4.2136075 0.0003325 3.4795e-11 1.8371e-13
4.2142725 0.0003325 3.5352e-11 1.9109e-13
4.2149375 0.0003325 3.5470e-11 2.0116e-13
4.2156025 0.0003325 3.4875e-11 2.0116e-13
4.2162675 0.0003325 3.4643e-11 2.0116e-13
4.2169325 0.0003325 3.5243e-11 2.0116e-13
4.2175975 0.0003325 3.5396e-11 2.0116e-13
4.2182625 0.0003325 3.5211e-11 2.0116e-13
4.2189275 0.0003325 3.5391e-11 1.8988e-13
4.2195925 0.0003325 3.5268e-11 1.8720e-13
4.2202575 0.0003325 3.5011e-11 1.9073e-13
4.2209225 0.0003325 3.4531e-11 1.8608e-13
4.2215875 0.0003325 3.4557e-11 1.8460e-13
4.2222525 0.0003325 3.4745e-11 1.8254e-13
4.2229175 0.0003325 3.5254e-11 1.8971e-13
4.2235825 0.0003325 3.5670e-11 1.9003e-13
4.2242475 0.0003325 3.6062e-11 1.8772e-13
4.2249125 0.0003325 3.7015e-11 2.0443e-13
4.2255775 0.0003325 3.6568e-11 1.8885e-13
4.2262425 0.0003325 3.6347e-11 1.8511e-13
4.2269075 0.0003325 3.5272e-11 2.0116e-13
4.2275725 0.0003325 3.4490e-11 1.8625e-13
4.2282375 0.0003325 3.4646e-11 1.8529e-13
4.2289025 0.0003325 3.4624e-11 1.8334e-13
4.2295675 0.0003325 3.4585e-11 1.8623e-13
4.2302325 0.0003325 3.4561e-11 1.8235e-13
4.2308975 0.0003325 3.5436e-11 1.8449e-13
4.2315625 0.0003325 3.5917e-11 1.8963e-13
4.2322275 0.0003325 3.5394e-11 2.0116e-13
4.2328925 0.0003325 3.5080e-11 1.9227e-13
4.2335575 0.0003325 3.4847e-11 1.9631e-13
4.2342225 0.0003325 3.5502e-11 1.9574e-13
4.2348875 0.0003325 3.5584e-11 2.0258e-13
4.2355525 0.0003325 3.5879e-11 1.9527e-13
4.2362175 0.0003325 3.5566e-11 1.9461e-13
4.2368825 0.0003325 3.4705e-11 2.0466e-13
4.2375475 0.0003325 3.4972e-11 1.8783e-13
4.2382125 0.0003325 3.4471e-11 1.8572e-13
4.2388775 0.0003325 3.4891e-11 1.8995e-13
4.2395425 0.0003325 3.4526e-11 1.8921e-13
4.2402075 0.0003325 3.4596e-11 1.9459e-13
4.2408725 0.0003325 3.4765e-11 1.9230e-13
4.2415375 0.0003325 3.4547e-11 1.9619e-13
4.2422025 0.0003325 3.4241e-11 1.9304e-13
4.2428675 0.0003325 3.3560e-11 1.9082e-13
4.2435325 0.0003325 3.3508e-11 1.9439e-13
4.2441975 0.0003325 3.4489e-11 1.8726e-13
4.2448625 0.0003325 3.4515e-11 1.9726e-13
4.2455275 0.0003325 3.5273e-11 1.9937e-13
4.2461925 0.0003325 3.4993e-11 1.8705e-13
4.2468575 0.0003325 3.4920e-11 1.9514e-13
4.2475225 0.0003325 3.4578e-11 2.0116e-13
4.2481875 0.0003325 3.4272e-11 2.0116e-13
4.2488525 0.0003325 3.4572e-11 1.9383e-13
4.2495175 0.0003325 3.5146e-11 1.9308e-13
4.2501825 0.0003325 3.4352e-11 2.0116e-13
4.2508475 0.0003325 3.3655e-11 2.0116e-13
4.2515125 0.0003325 3.3965e-11 2.0116e-13
4.2521775 0.0003325 3.4343e-11 2.0116e-13
4.2528425 0.0003325 3.3503e-11 1.9187e-13
4.2535075 0.0003325 3.3410e-11 1.9651e-13
4.2541725 0.0003325 3.3051e-11 1.9686e-13
4.2548375 0.0003325 3.3515e-11 1.9173e-13
4.2555025 0.0003325 3.4812e-11 2.0843e-13
4.2561675 0.0003325 3.5081e-11 2.0474e-13
4.2568325 0.0003325 3.5259e-11 2.0406e-13
4.2574975 0.0003325 3.4499e-11 1.9927e-13
4.2581625 0.0003325 3.3866e-11 1.9876e-13
4.2588275 0.0003325 3.3942e-11 1.9495e-13
4.2594925 0.0003325 3.3857e-11 1.9045e-13
4.2601575 0.0003325 3.3651e-11 1.9919e-13
4.2608225 0.0003325 3.4060e-11 2.0116e-13
4.2614875 0.0003325 3.3860e-11 2.0116e-13
4.2621525 0.0003325 3.4754e-11 1.9631e-13
4.2628175 0.0003325 3.4750e-11 2.0116e-13
4.2634825 0.0003325 3.3609e-11 2.0246e-13
4.2641475 0.0003325 3.3812e-11 2.0116e-13
4.2648125 0.0003325 3.3810e-11 2.0488e-13
4.2654775 0.0003325 3.3679e-11 1.8879e-13
4.2661425 0.0003325 3.3357e-11 1.9761e-13
4.2668075 0.0003325 3.3163e-11 1.9532e-13
4.2674725 0.0003325 3.3801e-11 1.9922e-13
4.2681375 0.0003325 3.3142e-11 1.9264e-13
4.2688025 0.0003325 3.3132e-11 1.9964e-13
4.2694675 0.0003325 3.3714e-11 2.0116e-13
4.2701325 0.0003325 3.3436e-11 2.0116e-13
4.2707975 0.0003325 3.3511e-11 2.0116e-13
4.2714625 0.0003325 3.3888e-11 2.0116e-13
4.2721275 0.0003325 3.3603e-11 2.0116e-13
4.2727925 0.0003325 3.3362e-11 2.0116e-13
4.2734575 0.0003325 3.4215e-11 2.0116e-13
4.2741225 0.0003325 3.4033e-11 1.8898e-13
4.2747875 0.0003325 3.3095e-11 1.8614e-13
4.2754525 0.0003325 3.2325e-11 1.9307e-13
4.2761175 0.0003325 3.2425e-11 1.9695e-13
4.2767825 0.0003325 3.2923e-11 1.9704e-13
4.2774475 0.0003325 3.3703e-11 1.9547e-13
4.2781125 0.0003325 3.4020e-11 1.9523e-13
4.2787775 0.0003325 3.3675e-11 1.9679e-13
4.2794425 0.0003325 3.3106e-11 1.9371e-13
4.2801075 0.0003325 3.3260e-11 1.9173e-13
4.2807725 0.0003325 3.4003e-11 1.9086e-13
4.2814375 0.0003325 3.4359e-11 2.0446e-13
4.2821025 0.0003325 3.3651e-11 1.9535e-13
4.2827675 0.0003325 3.3819e-11 1.8838e-13
4.2834325 0.0003325 3.2955e-11 1.8757e-13
4.2840975 0.0003325 3.3337e-11 1.9759e-13
4.2847625 0.0003325 3.4707e-11 2.0101e-13
4.2854275 0.0003325 3.4675e-11 2.0116e-13
4.2860925 0.0003325 3.4222e-11 2.0116e-13
4.2867575 0.0003325 3.3742e-11 2.0116e-13
4.2874225 0.0003325 3.3444e-11 1.9229e-13
4.2880875 0.0003325 3.3331e-11 2.0116e-13
4.2887525 0.0003325 3.2457e-11 2.0116e-13
4.2894175 0.0003325 3.2223e-11 2.0116e-13
4.2900825 0.0003325 3.2617e-11 2.0116e-13
4.2907475 0.0003325 3.3264e-11 2.0116e-13
4.2914125 0.0003325 3.3773e-11 1.9342e-13
4.2920775 0.0003325 3.3838e-11 1.8883e-13
4.2927425 0.0003325 3.3349e-11 1.8424e-13
4.2934075 0.0003325 3.3028e-11 1.9173e-13
4.2940725 0.0003325 3.3089e-11 2.0055e-13
4.2947375 0.0003325 3.3551e-11 1.8903e-13
4.2954025 0.0003325 3.3641e-11 1.8538e-13
4.2960675 0.0003325 3.3468e-11 1.8871e-13
4.2967325 0.0003325 3.3289e-11 1.9289e-13
4.2973975 0.0003325 3.3064e-11 1.9619e-13
4.2980625 0.0003325 3.3316e-11 1.9170e-13
4.2987275 0.0003325 3.3491e-11 1.9785e-13
4.2993925 0.0003325 3.3689e-11 2.0269e-13
4.3000575 0.0003325 3.3250e-11 1.9172e-13
4.3007225 0.0003325 3.3610e-11 2.0116e-13
4.3013875 0.0003325 3.3384e-11 2.0116e-13
4.3020525 0.0003325 3.3001e-11 2.0116e-13
4.3027175 0.0003325 3.2910e-11 2.0116e-13
4.3033825 0.0003325 3.1435e-11 2.0116e-13
4.3040475 0.0003325 3.1803e-11 2.0116e-13
4.3047125 0.0003325 3.2574e-11 2.0116e-13
4.3053775 0.0003325 3.2175e-11 2.0116e-13
4.3060425 0.0003325 3.2511e-11 2.0116e-13
4.3067075 0.0003325 3.2033e-11 2.0168e-13
4.3073725 0.0003325 3.2822e-11 2.0813e-13
4.3080375 0.0003325 3.2874e-11 1.9455e-13
4.3087025 0.0003325 3.2939e-11 1.9765e-13
4.3093675 0.0003325 3.2865e-11 1.9575e-13
4.3100325 0.0003325 3.2518e-11 1.9067e-13
4.3106975 0.0003325 3.2947e-11 1.8966e-13
4.3113625 0.0003325 3.2788e-11 1.9301e-13
4.3120275 0.0003325 3.2317e-11 1.9161e-13
4.3126925 0.0003325 3.2755e-11 1.9403e-13
4.3133575 0.0003325 3.3045e-11 2.0637e-13
4.3140225 0.0003325 3.3108e-11 1.9060e-13
4.3146875 0.0003325 3.2661e-11 1.9269e-13
4.3153525 0.0003325 3.1712e-11 1.9678e-13
4.3160175 0.0003325 3.2186e-11 1.8953e-13
4.3166825 0.0003325 3.2860e-11 1.8869e-13
4.3173475 0.0003325 3.2696e-11 1.8635e-13
4.3180125 0.0003325 3.3122e-11 1.9650e-13
4.3186775 0.0003325 3.2467e-11 1.9284e-13
4.3193425 0.0003325 3.2919e-11 1.9230e-13
4.3200075 0.0003325 3.2771e-11 1.9105e-13
4.3206725 0.0003325 3.3105e-11 1.9208e-13
4.3213375 0.0003325 3.2671e-11 2.0116e-13
4.3220025 0.0003325 3.3028e-11 1.9524e-13
4.3226675 0.0003325 3.2574e-11 2.0014e-13
4.3233325 0.0003325 3.2554e-11 1.9954e-13
4.3239975 0.0003325 3.2294e-11 1.9266e-13
4.3246625 0.0003325 3.2217e-11 2.0116e-13
4.3253275 0.0003325 3.2399e-11 2.0116e-13
4.3259925 0.0003325 3.2564e-11 2.0116e-13
4.3266575 0.0003325 3.3281e-11 2.0116e-13
4.3273225 0.0003325 3.3411e-11 2.0116e-13
4.3279875 0.0003325 3.3109e-11 2.0116e-13
4.3286525 0.0003325 3.1960e-11 1.9492e-13
4.3293175 0.0003325 3.2997e-11 2.0116e-13
4.3299825 0.0003325 3.2334e-11 2.0116e-13
4.3306475 0.0003325 3.1658e-11 1.8948e-13
4.3313125 0.0003325 3.1997e-11 1.9661e-13
4.3319775 0.0003325 3.3029e-11 1.9504e-13
4.3326425 0.0003325 3.2509e-11 2.0480e-13
4.3333075 0.0003325 3.2206e-11 2.0116e-13
4.3339725 0.0003325 3.1925e-11 2.0116e-13
4.3346375 0.0003325 3.3265e-11 2.0116e-13
4.3353025 0.0003325 3.3601e-11 2.0116e-13
4.3359675 0.0003325 3.2585e-11 2.0116e-13
4.3366325 0.0003325 3.1556e-11 2.0116e-13
4.3372975 0.0003325 3.1571e-11 1.9830e-13
4.3379625 0.0003325 3.3019e-11 1.9637e-13
4.3386275 0.0003325 3.2219e-11 1.9269e-13
4.3392925 0.0003325 3.1739e-11 2.0527e-13
4.3399575 0.0003325 3.1921e-11 1.9697e-13
4.3406225 0.0003325 3.3094e-11 2.0149e-13
4.3412875 0.0003325 3.2812e-11 2.0739e-13
4.3419525 0.0003325 3.1534e-11 1.8943e-13
4.3426175 0.0003325 3.1169e-11 1.8588e-13
4.3432825 0.0003325 3.2120e-11 2.0082e-13
4.3439475 0.0003325 3.2114e-11 1.9733e-13
4.3446125 0.0003325 3.2182e-11 1.8979e-13
4.3452775 0.0003325 3.2054e-11 1.9499e-13
4.3459425 0.0003325 3.1878e-11 1.9059e-13
4.3466075 0.0003325 3.1925e-11 1.9169e-13
4.3472725 0.0003325 3.2172e-11 2.0899e-13
4.3479375 0.0003325 3.1528e-11 2.0323e-13
4.3486025 0.0003325 3.1318e-11 1.9401e-13
4.3492675 0.0003325 3.2142e-11 1.9569e-13
4.3499325 0.0003325 3.1609e-11 1.9550e-13
4.3505975 0.0003325 3.1736e-11 2.0116e-13
4.3512625 0.0003325 3.1698e-11 2.0116e-13
4.3519275 0.0003325 3.1557e-11 2.1063e-13
4.3525925 0.0003325 3.1768e-11 1.9786e-13
4.3532575 0.0003325 3.0367e-11 1.9803e-13
4.3539225 0.0003325 2.9793e-11 2.0116e-13
4.3545875 0.0003325 3.0913e-11 2.0116e-13
4.3552525 0.0003325 3.1970e-11 2.0780e-13
4.3559175 0.0003325 3.2447e-11 2.0789e-13
4.3565825 0.0003325 3.1212e-11 2.0053e-13
4.3572475 0.0003325 3.1208e-11 2.0116e-13
4.3579125 0.0003325 3.1036e-11 1.9866e-13
4.3585775 0.0003325 3.2061e-11 1.9637e-13
4.3592425 0.0003325 3.1720e-11 1.9746e-13
4.3599075 0.0003325 3.1802e-11 1.9313e-13
4.3605725 0.0003325 3.2070e-11 2.0116e-13
4.3612375 0.0003325 3.1633e-11 2.0116e-13
4.3619025 0.0003325 3.1901e-11 2.0116e-13
4.3625675 0.0003325 3.2077e-11 2.0116e-13
4.3632325 0.0003325 3.1447e-11 1.9619e-13
4.3638975 0.0003325 3.0334e-11 1.9403e-13
4.3645625 0.0003325 3.0817e-11 2.0116e-13
4.3652275 0.0003325 3.1421e-11 1.9418e-13
4.3658925 0.0003325 3.1505e-11 1.9816e-13
4.3665575 0.0003325 3.1343e-11 1.9166e-13
4.3672225 0.0003325 3.0647e-11 1.8915e-13
4.3678875 0.0003325 3.0596e-11 2.0116e-13
4.3685525 0.0003325 3.0673e-11 2.0116e-13
4.3692175 0.0003325 3.0736e-11 2.0116e-13
4.3698825 0.0003325 3.2114e-11 2.0116e-13
4.3705475 0.0003325 3.1150e-11 1.9074e-13
4.3712125 0.0003325 3.1227e-11 2.0116e-13
4.3718775 0.0003325 3.1286e-11 1.9406e-13
4.3725425 0.0003325 3.1089e-11 1.9607e-13
4.3732075 0.0003325 3.2167e-11 2.0116e-13
4.3738725 0.0003325 3.0682e-11 1.9323e-13
4.3745375 0.0003325 3.0038e-11 2.0116e-13
4.3752025 0.0003325 3.0955e-11 2.0116e-13
4.3758675 0.0003325 3.1499e-11 1.9960e-13
4.3765325 0.0003325 3.1733e-11 2.0045e-13
4.3771975 0.0003325 3.1385e-11 2.0171e-13
4.3778625 0.0003325 3.0784e-11 2.0549e-13
4.3785275 0.0003325 3.0120e-11 1.8995e-13
4.3791925 0.0003325 3.0750e-11 1.9057e-13
4.3798575 0.0003325 3.1494e-11 1.9004e-13
4.3805225 0.0003325 3.1451e-11 1.9167e-13
4.3811875 0.0003325 3.0531e-11 1.9480e-13
4.3818525 0.0003325 3.0294e-11 1.9191e-13
4.3825175 0.0003325 2.9681e-11 1.9454e-13
4.3831825 0.0003325 2.9963e-11 1.9890e-13
4.3838475 0.0003325 3.1210e-11 2.0116e-13
4.3845125 0.0003325 3.1506e-11 2.0116e-13
4.3851775 0.0003325 3.1197e-11 2.0116e-13
4.3858425 0.0003325 3.0783e-11 2.0116e-13
4.3865075 0.0003325 3.0765e-11 2.0116e-13
4.3871725 0.0003325 3.1422e-11 2.0116e-13
4.3878375 0.0003325 3.1952e-11 2.0116e-13
4.3885025 0.0003325 3.1348e-11 1.9571e-13
4.3891675 0.0003325 3.1328e-11 1.9310e-13
4.3898325 0.0003325 3.1875e-11 1.9301e-13
4.3904975 0.0003325 3.1154e-11 1.9702e-13
4.3911625 0.0003325 3.1279e-11 1.9504e-13
4.3918275 0.0003325 3.1552e-11 1.9845e-13
4.3924925 0.0003325 3.1262e-11 1.8974e-13
4.3931575 0.0003325 3.1016e-11 1.9591e-13
4.3938225 0.0003325 3.0269e-11 1.9085e-13
4.3944875 0.0003325 3.0164e-11 1.8986e-13
4.3951525 0.0003325 3.1849e-11 2.0116e-13
4.3958175 0.0003325 3.1933e-11 2.0116e-13
4.3964825 0.0003325 3.1131e-11 2.0452e-13
4.3971475 0.0003325 3.1062e-11 2.0004e-13
4.3978125 0.0003325 3.0154e-11 2.0116e-13
4.3984775 0.0003325 3.0145e-11 2.0760e-13
4.3991425 0.0003325 3.0290e-11 2.0031e-13
4.3998075 0.0003325 3.0618e-11 2.0093e-13
4.4004725 0.0003325 3.1660e-11 1.9764e-13
4.4011375 0.0003325 3.1536e-11 2.0064e-13
4.4018025 0.0003325 3.0654e-11 1.9406e-13
4.4024675 0.0003325 3.0632e-11 1.9198e-13
4.4031325 0.0003325 3.1223e-11 1.9844e-13
4.4037975 0.0003325 3.0961e-11 2.0409e-13
4.4044625 0.0003325 3.0673e-11 2.0011e-13
4.4051275 0.0003325 3.0895e-11 1.9283e-13
4.4057925 0.0003325 3.0658e-11 1.9556e-13
4.4064575 0.0003325 3.0164e-11 1.9343e-13
4.4071225 0.0003325 3.0614e-11 1.9457e-13
4.4077875 0.0003325 3.1030e-11 1.9771e-13
4.4084525 0.0003325 3.1928e-11 2.0116e-13
4.4091175 0.0003325 3.1760e-11 1.9314e-13
4.4097825 0.0003325 3.2133e-11 1.9324e-13
4.4104475 0.0003325 3.1647e-11 2.0116e-13
4.4111125 0.0003325 3.0502e-11 1.9682e-13
4.4117775 0.0003325 3.0526e-11 1.8926e-13
4.4124425 0.0003325 3.1084e-11 1.9677e-13
4.4131075 0.0003325 3.1819e-11 2.0129e-13
4.4137725 0.0003325 3.2152e-11 2.0116e-13
4.4144375 0.0003325 3.1337e-11 1.9977e-13
4.4151025 0.0003325 3.0297e-11 2.0116e-13
4.4157675 0.0003325 2.9947e-11 2.0021e-13
4.4164325 0.0003325 3.0642e-11 1.9981e-13
4.4170975 0.0003325 3.2261e-11 2.0278e-13
4.4177625 0.0003325 3.2236e-11 1.9642e-13
4.4184275 0.0003325 3.1652e-11 2.0116e-13
4.4190925 0.0003325 3.2071e-11 2.0116e-13
4.4197575 0.0003325 3.1620e-11 2.0451e-13
4.4204225 0.0003325 3.1063e-11 2.0116e-13
4.4210875 0.0003325 3.0107e-11 1.9465e-13
4.4217525 0.0003325 3.0093e-11 1.9344e-13
4.4224175 0.0003325 3.0952e-11 2.0046e-13
4.4230825 0.0003325 3.0514e-11 2.0190e-13
4.4237475 0.0003325 3.0007e-11 1.9651e-13
4.4244125 0.0003325 3.0762e-11 2.0116e-13
4.4250775 0.0003325 3.1023e-11 2.0116e-13
4.4257425 0.0003325 3.0011e-11 2.0152e-13
4.4264075 0.0003325 3.0197e-11 2.0116e-13
4.4270725 0.0003325 3.1173e-11 2.0116e-13
4.4277375 0.0003325 3.1323e-11 2.0903e-13
4.4284025 0.0003325 3.0420e-11 2.0116e-13
4.4290675 0.0003325 2.9562e-11 1.9686e-13
4.4297325 0.0003325 2.8668e-11 2.0311e-13
4.4303975 0.0003325 2.9557e-11 1.9662e-13
4.4310625 0.0003325 3.0209e-11 2.0116e-13
4.4317275 0.0003325 3.0300e-11 2.0116e-13
4.4323925 0.0003325 3.1317e-11 2.0116e-13
4.4330575 0.0003325 3.0848e-11 2.0116e-13
4.4337225 0.0003325 3.0935e-11 2.0116e-13
4.4343875 0.0003325 3.0382e-11 2.0116e-13
4.4350525 0.0003325 2.9238e-11 2.0116e-13
4.4357175 0.0003325 2.9031e-11 2.0968e-13
4.4363825 0.0003325 3.0465e-11 1.9297e-13
4.4370475 0.0003325 3.0729e-11 1.9622e-13
4.4377125 0.0003325 3.1028e-11 1.9662e-13
4.4383775 0.0003325 3.1839e-11 2.0116e-13
4.4390425 0.0003325 3.0893e-11 2.0665e-13
4.4397075 0.0003325 2.9384e-11 1.9862e-13
4.4403725 0.0003325 2.8812e-11 1.9446e-13
4.4410375 0.0003325 2.9614e-11 1.9821e-13
4.4417025 0.0003325 3.0589e-11 2.0062e-13
4.4423675 0.0003325 3.0511e-11 2.0244e-13
4.4430325 0.0003325 3.0844e-11 2.0497e-13
4.4436975 0.0003325 3.1435e-11 2.0116e-13
4.4443625 0.0003325 3.0782e-11 2.0116e-13
4.4450275 0.0003325 2.9073e-11 2.0116e-13
4.4456925 0.0003325 2.8904e-11 2.0116e-13
4.4463575 0.0003325 2.9852e-11 2.0116e-13
4.4470225 0.0003325 3.0675e-11 2.0116e-13
4.4476875 0.0003325 3.0875e-11 2.0116e-13
4.4483525 0.0003325 3.0068e-11 2.0799e-13
4.4490175 0.0003325 3.0047e-11 2.0463e-13
4.4496825 0.0003325 2.9622e-11 2.0144e-13
4.4503475 0.0003325 2.8273e-11 2.0247e-13
4.4510125 0.0003325 2.9867e-11 2.0116e-13
4.4516775 0.0003325 3.1324e-11 2.0116e-13
4.4523425 0.0003325 3.1214e-11 2.0116e-13
4.4530075 0.0003325 3.0449e-11 2.0116e-13
4.4536725 0.0003325 3.0252e-11 2.0116e-13
4.4543375 0.0003325 2.9817e-11 2.0116e-13
4.4550025 0.0003325 2.9346e-11 2.0116e-13
4.4556675 0.0003325 2.8972e-11 2.0116e-13
4.4563325 0.0003325 2.9344e-11 2.0116e-13
4.4569975 0.0003325 3.0894e-11 2.0116e-13
4.4576625 0.0003325 3.0204e-11 2.0116e-13
4.4583275 0.0003325 3.0409e-11 2.0116e-13
4.4589925 0.0003325 3.0433e-11 2.0116e-13
4.4596575 0.0003325 3.0333e-11 2.0116e-13
4.4603225 0.0003325 2.9353e-11 2.0116e-13
4.4609875 0.0003325 2.8908e-11 2.0116e-13
4.4616525 0.0003325 2.9041e-11 2.0116e-13
4.4623175 0.0003325 3.0111e-11 2.0116e-13
4.4629825 0.0003325 2.9961e-11 2.0615e-13
4.4636475 0.0003325 3.0399e-11 2.1005e-13
4.4643125 0.0003325 3.1017e-11 2.0116e-13
4.4649775 0.0003325 3.0917e-11 2.0116e-13
4.4656425 0.0003325 3.0489e-11 2.0411e-13
4.4663075 0.0003325 2.9269e-11 2.0238e-13
4.4669725 0.0003325 2.9246e-11 2.0116e-13
4.4676375 0.0003325 2.9202e-11 2.0361e-13
4.4683025 0.0003325 2.9367e-11 1.9161e-13
4.4689675 0.0003325 3.0557e-11 2.0611e-13
4.4696325 0.0003325 3.0686e-11 2.0116e-13
4.4702975 0.0003325 3.0049e-11 2.0116e-13
4.4709625 0.0003325 2.9813e-11 2.0116e-13
4.4716275 0.0003325 2.8544e-11 2.0116e-13
4.4722925 0.0003325 2.7551e-11 2.0116e-13
4.4729575 0.0003325 2.8350e-11 2.0116e-13
4.4736225 0.0003325 2.8823e-11 2.0116e-13
4.4742875 0.0003325 2.9609e-11 2.0116e-13
4.4749525 0.0003325 2.9992e-11 2.0116e-13
4.4756175 0.0003325 2.9712e-11 2.0114e-13
4.4762825 0.0003325 2.9956e-11 2.0875e-13
4.4769475 0.0003325 2.9250e-11 2.0826e-13
4.4776125 0.0003325 2.8457e-11 2.0346e-13
4.4782775 0.0003325 2.9633e-11 2.0116e-13
4.4789425 0.0003325 3.0047e-11 2.0116e-13
4.4796075 0.0003325 3.0121e-11 1.9418e-13
4.4802725 0.0003325 2.9609e-11 2.0116e-13
4.4809375 0.0003325 2.9730e-11 2.0116e-13
4.4816025 0.0003325 3.0654e-11 2.0116e-13
4.4822675 0.0003325 2.9272e-11 2.0116e-13
4.4829325 0.0003325 2.7989e-11 2.0116e-13
4.4835975 0.0003325 2.8633e-11 1.9133e-13
4.4842625 0.0003325 2.9830e-11 2.0116e-13
4.4849275 0.0003325 2.9969e-11 2.0116e-13
4.4855925 0.0003325 3.0233e-11 2.0116e-13
4.4862575 0.0003325 3.0876e-11 2.0116e-13
4.4869225 0.0003325 3.1591e-11 2.0116e-13
4.4875875 0.0003325 3.1048e-11 2.0116e-13
4.4882525 0.0003325 2.9664e-11 1.9769e-13
4.4889175 0.0003325 2.8445e-11 1.9975e-13
4.4895825 0.0003325 2.7818e-11 2.0116e-13
4.4902475 0.0003325 2.8511e-11 2.0527e-13
4.4909125 0.0003325 2.9418e-11 2.1010e-13
4.4915775 0.0003325 3.0007e-11 2.0116e-13
4.4922425 0.0003325 2.9609e-11 2.0541e-13
4.4929075 0.0003325 2.9468e-11 2.0116e-13
4.4935725 0.0003325 2.9508e-11 2.0116e-13
4.4942375 0.0003325 2.9066e-11 2.0116e-13
4.4949025 0.0003325 2.7708e-11 2.0255e-13
4.4955675 0.0003325 2.8272e-11 2.0096e-13
4.4962325 0.0003325 2.9951e-11 2.0116e-13
4.4968975 0.0003325 3.0442e-11 2.1097e-13
4.4975625 0.0003325 3.0124e-11 2.0362e-13
4.4982275 0.0003325 2.9659e-11 1.9169e-13
4.4988925 0.0003325 2.9526e-11 2.0070e-13
4.4995575 0.0003325 2.8798e-11 2.0304e-13
4.5002225 0.0003325 2.8126e-11 2.0116e-13
4.5008875 0.0003325 2.7791e-11 1.9324e-13
4.5015525 0.0003325 2.7301e-11 2.0991e-13
4.5022175 0.0003325 2.8421e-11 2.0116e-13
4.5028825 0.0003325 2.9919e-11 1.9929e-13
4.5035475 0.0003325 3.0635e-11 2.0705e-13
4.5042125 0.0003325 3.0919e-11 2.0475e-13
4.5048775 0.0003325 2.9632e-11 1.9461e-13
4.5055425 0.0003325 2.8935e-11 1.9870e-13
4.5062075 0.0003325 2.8233e-11 2.0392e-13
4.5068725 0.0003325 2.7900e-11 2.0062e-13
4.5075375 0.0003325 2.8546e-11 2.0644e-13
4.5082025 0.0003325 2.9961e-11 2.0015e-13
4.5088675 0.0003325 2.9394e-11 2.0536e-13
4.5095325 0.0003325 2.8979e-11 2.0116e-13
4.5101975 0.0003325 2.9227e-11 2.0116e-13
4.5108625 0.0003325 2.8723e-11 2.0116e-13
4.5115275 0.0003325 2.9133e-11 2.0116e-13
4.5121925 0.0003325 2.9315e-11 2.0116e-13
4.5128575 0.0003325 2.8387e-11 2.0116e-13
4.5135225 0.0003325 2.7994e-11 2.0116e-13
4.5141875 0.0003325 2.7733e-11 2.0116e-13
4.5148525 0.0003325 2.8995e-11 2.0116e-13
4.5155175 0.0003325 2.9427e-11 2.0116e-13
4.5161825 0.0003325 2.9513e-11 2.0116e-13
4.5168475 0.0003325 2.8719e-11 2.0658e-13
4.5175125 0.0003325 2.9098e-11 2.0391e-13
4.5181775 0.0003325 2.9685e-11 2.1078e-13
4.5188425 0.0003325 2.9419e-11 2.0764e-13
4.5195075 0.0003325 2.8017e-11 1.9960e-13
4.5201725 0.0003325 2.8144e-11 2.0331e-13
4.5208375 0.0003325 2.8851e-11 1.9982e-13
4.5215025 0.0003325 2.7988e-11 2.0278e-13
4.5221675 0.0003325 2.7293e-11 2.0116e-13
4.5228325 0.0003325 2.8747e-11 2.0116e-13
4.5234975 0.0003325 2.9052e-11 2.0744e-13
4.5241625 0.0003325 2.9133e-11 2.0223e-13
4.5248275 0.0003325 2.8763e-11 2.0647e-13
4.5254925 0.0003325 2.7786e-11 2.0116e-13
4.5261575 0.0003325 2.7975e-11 2.0165e-13
4.5268225 0.0003325 2.7710e-11 2.0116e-13
4.5274875 0.0003325 2.7663e-11 2.0116e-13
4.5281525 0.0003325 2.8718e-11 2.0116e-13
4.5288175 0.0003325 2.9629e-11 2.0475e-13
4.5294825 0.0003325 3.0400e-11 2.0781e-13
4.5301475 0.0003325 2.8959e-11 2.0803e-13
4.5308125 0.0003325 2.8442e-11 2.0154e-13
4.5314775 0.0003325 2.7469e-11 2.0209e-13
4.5321425 0.0003325 2.6502e-11 1.9493e-13
4.5328075 0.0003325 2.6574e-11 1.9611e-13
4.5334725 0.0003325 2.8603e-11 2.0411e-13
4.5341375 0.0003325 2.8913e-11 2.0116e-13
4.5348025 0.0003325 2.8168e-11 2.0304e-13
4.5354675 0.0003325 2.8684e-11 2.0011e-13
4.5361325 0.0003325 2.9247e-11 2.0149e-13
4.5367975 0.0003325 2.9100e-11 2.0012e-13
4.5374625 0.0003325 2.9034e-11 1.9978e-13
4.5381275 0.0003325 2.8390e-11 2.0841e-13
4.5387925 0.0003325 2.6050e-11 2.0116e-13
4.5394575 0.0003325 2.7383e-11 2.0116e-13
4.5401225 0.0003325 2.8684e-11 2.0116e-13
4.5407875 0.0003325 2.9475e-11 2.0509e-13
4.5414525 0.0003325 2.9219e-11 2.0189e-13
4.5421175 0.0003325 2.8137e-11 2.1071e-13
4.5427825 0.0003325 2.8955e-11 1.9339e-13
4.5434475 0.0003325 2.9710e-11 2.0841e-13
4.5441125 0.0003325 2.8739e-11 2.0116e-13
4.5447775 0.0003325 2.7992e-11 2.0642e-13
4.5454425 0.0003325 2.7021e-11 2.0116e-13
4.5461075 0.0003325 2.7411e-11 2.1072e-13
4.5467725 0.0003325 2.8405e-11 2.0116e-13
4.5474375 0.0003325 2.9364e-11 2.0491e-13
4.5481025 0.0003325 2.9061e-11 2.0143e-13
4.5487675 0.0003325 2.8340e-11 2.0143e-13
4.5494325 0.0003325 2.9043e-11 2.0116e-13
4.5500975 0.0003325 2.9082e-11 2.0728e-13
4.5507625 0.0003325 2.8274e-11 2.0832e-13
4.5514275 0.0003325 2.7244e-11 2.0138e-13
4.5520925 0.0003325 2.6886e-11 2.0116e-13
4.5527575 0.0003325 2.7687e-11 2.0840e-13
4.5534225 0.0003325 2.8367e-11 2.0116e-13
4.5540875 0.0003325 2.8739e-11 2.0116e-13
4.5547525 0.0003325 2.8432e-11 2.0116e-13
4.5554175 0.0003325 2.8294e-11 2.0116e-13
4.5560825 0.0003325 2.7927e-11 2.0954e-13
4.5567475 0.0003325 2.7903e-11 2.0493e-13
4.5574125 0.0003325 2.8179e-11 2.0704e-13
4.5580775 0.0003325 2.8793e-11 2.0116e-13
4.5587425 0.0003325 2.8005e-11 2.0731e-13
4.5594075 0.0003325 2.7474e-11 2.0569e-13
4.5600725 0.0003325 2.8931e-11 2.0649e-13
4.5607375 0.0003325 2.9620e-11 2.0116e-13
4.5614025 0.0003325 2.8987e-11 2.0116e-13
4.5620675 0.0003325 2.9418e-11 2.0116e-13
4.5627325 0.0003325 2.8610e-11 2.0116e-13
4.5633975 0.0003325 2.8257e-11 2.0116e-13
4.5640625 0.0003325 2.8647e-11 2.0116e-13
4.5647275 0.0003325 2.8818e-11 2.0116e-13
4.5653925 0.0003325 2.9710e-11 2.0116e-13
4.5660575 0.0003325 3.0704e-11 2.0116e-13
4.5667225 0.0003325 2.7574e-11 2.0116e-13
4.5673875 0.0003325 2.7558e-11 2.0203e-13
4.5680525 0.0003325 2.8957e-11 2.0480e-13
4.5687175 0.0003325 2.8540e-11 2.0301e-13
4.5693825 0.0003325 2.7310e-11 2.0116e-13
4.5700475 0.0003325 3.0726e-11 2.0116e-13
4.5707125 0.0003325 3.7595e-11 2.0116e-13
4.5713775 0.0003325 2.9127e-11 2.0116e-13
4.5720425 0.0003325 2.8727e-11 2.1056e-13
4.5727075 0.0003325 2.6506e-11 2.0933e-13
4.5733725 0.0003325 2.5258e-11 1.9758e-13
4.5740375 0.0003325 2.6509e-11 1.9950e-13
4.5747025 0.0003325 2.7299e-11 2.0462e-13
4.5753675 0.0003325 2.7657e-11 2.0116e-13
4.5760325 0.0003325 2.7696e-11 2.0133e-13
4.5766975 0.0003325 2.7419e-11 1.9940e-13
4.5773625 0.0003325 2.8865e-11 2.0702e-13
4.5780275 0.0003325 2.8949e-11 2.0116e-13
4.5786925 0.0003325 2.7849e-11 2.0668e-13
4.5793575 0.0003325 2.8391e-11 2.0262e-13
4.5800225 0.0003325 2.7438e-11 2.1000e-13
4.5806875 0.0003325 2.7776e-11 2.0116e-13
4.5813525 0.0003325 2.8811e-11 2.0116e-13
4.5820175 0.0003325 2.8417e-11 2.0116e-13
4.5826825 0.0003325 2.8407e-11 2.0116e-13
4.5833475 0.0003325 2.8869e-11 2.0116e-13
4.5840125 0.0003325 2.9183e-11 2.0116e-13
4.5846775 0.0003325 2.8467e-11 2.0763e-13
4.5853425 0.0003325 2.9398e-11 2.0116e-13
4.5860075 0.0003325 2.9917e-11 2.0116e-13
4.5866725 0.0003325 2.8748e-11 2.0256e-13
4.5873375 0.0003325 2.6644e-11 2.0116e-13
4.5880025 0.0003325 2.6624e-11 2.0116e-13
4.5886675 0.0003325 2.6558e-11 2.0116e-13
4.5893325 0.0003325 2.6576e-11 2.0116e-13
4.5899975 0.0003325 2.7184e-11 2.0116e-13
4.5906625 0.0003325 2.7037e-11 2.0116e-13
4.5913275 0.0003325 2.7548e-11 2.1019e-13
4.5919925 0.0003325 2.8301e-11 2.0116e-13
4.5926575 0.0003325 2.8183e-11 2.0116e-13
4.5933225 0.0003325 2.8201e-11 2.0083e-13
4.5939875 0.0003325 2.7251e-11 2.0116e-13
4.5946525 0.0003325 2.5452e-11 2.0116e-13
4.5953175 0.0003325 2.4948e-11 2.0366e-13
4.5959825 0.0003325 2.6684e-11 2.0386e-13
4.5966475 0.0003325 2.7290e-11 2.0671e-13
4.5973125 0.0003325 2.8586e-11 2.0685e-13
4.5979775 0.0003325 2.8383e-11 2.0624e-13
4.5986425 0.0003325 2.8141e-11 2.0116e-13
4.5993075 0.0003325 2.6882e-11 2.0116e-13
4.5999725 0.0003325 2.8230e-11 2.0116e-13
4.6006375 0.0003325 2.8071e-11 2.0901e-13
4.6013025 0.0003325 2.7891e-11 2.0116e-13
4.6019675 0.0003325 2.6153e-11 2.0116e-13
4.6026325 0.0003325 2.5068e-11 2.0116e-13
4.6032975 0.0003325 2.6769e-11 2.0116e-13
4.6039625 0.0003325 2.8023e-11 2.0871e-13
4.6046275 0.0003325 2.7870e-11 2.0918e-13
4.6052925 0.0003325 2.8113e-11 2.0116e-13
4.6059575 0.0003325 2.8507e-11 2.0116e-13
4.6066225 0.0003325 2.8821e-11 2.0223e-13
4.6072875 0.0003325 2.8520e-11 2.0894e-13
4.6079525 0.0003325 2.7830e-11 2.0999e-13
4.6086175 0.0003325 2.7567e-11 2.0116e-13
4.6092825 0.0003325 2.6907e-11 2.0116e-13
4.6099475 0.0003325 2.6215e-11 2.0116e-13
4.6106125 0.0003325 2.7231e-11 2.0987e-13
4.6112775 0.0003325 2.7617e-11 2.0116e-13
4.6119425 0.0003325 2.7687e-11 2.0677e-13
4.6126075 0.0003325 2.7790e-11 2.0631e-13
4.6132725 0.0003325 2.8518e-11 2.0345e-13
4.6139375 0.0003325 2.8324e-11 2.0450e-13
4.6146025 0.0003325 2.7811e-11 2.0672e-13
4.6152675 0.0003325 2.7943e-11 2.0288e-13
4.6159325 0.0003325 2.7501e-11 2.0116e-13
4.6165975 0.0003325 2.8396e-11 2.0116e-13
4.6172625 0.0003325 2.7144e-11 2.0529e-13
4.6179275 0.0003325 2.6242e-11 2.0108e-13
4.6185925 0.0003325 2.7703e-11 2.0584e-13
4.6192575 0.0003325 2.8573e-11 2.0116e-13
4.6199225 0.0003325 2.8024e-11 2.0947e-13
4.6205875 0.0003325 2.7946e-11 2.1031e-13
4.6212525 0.0003325 2.7749e-11 2.0116e-13
4.6219175 0.0003325 2.8570e-11 2.0896e-13
4.6225825 0.0003325 2.7766e-11 1.9997e-13
4.6232475 0.0003325 2.7390e-11 1.9416e-13
4.6239125 0.0003325 2.7910e-11 2.0982e-13
4.6245775 0.0003325 2.7205e-11 2.0116e-13
4.6252425 0.0003325 2.6617e-11 2.0777e-13
4.6259075 0.0003325 2.6319e-11 2.0403e-13
4.6265725 0.0003325 2.7883e-11 2.0116e-13
4.6272375 0.0003325 2.8508e-11 2.0956e-13
4.6279025 0.0003325 2.9055e-11 2.1078e-13
4.6285675 0.0003325 2.9121e-11 2.0137e-13
4.6292325 0.0003325 2.8803e-11 2.0694e-13
4.6298975 0.0003325 2.6825e-11 1.9728e-13
4.6305625 0.0003325 2.6754e-11 2.0686e-13
4.6312275 0.0003325 2.7328e-11 1.9716e-13
4.6318925 0.0003325 2.7886e-11 2.0277e-13
4.6325575 0.0003325 2.7442e-11 2.0116e-13
4.6332225 0.0003325 2.6277e-11 2.0116e-13
4.6338875 0.0003325 2.6924e-11 2.0116e-13
4.6345525 0.0003325 2.7976e-11 2.0116e-13
4.6352175 0.0003325 2.8121e-11 2.0116e-13
4.6358825 0.0003325 2.8536e-11 2.0116e-13
4.6365475 0.0003325 2.7709e-11 2.0116e-13
4.6372125 0.0003325 2.6908e-11 2.0116e-13
4.6378775 0.0003325 2.7321e-11 2.0116e-13
4.6385425 0.0003325 2.8739e-11 2.0116e-13
4.6392075 0.0003325 2.8175e-11 2.0116e-13
4.6398725 0.0003325 2.8039e-11 2.0116e-13
4.6405375 0.0003325 2.7464e-11 2.0116e-13
4.6412025 0.0003325 2.6366e-11 1.9810e-13
4.6418675 0.0003325 2.7151e-11 2.0116e-13
4.6425325 0.0003325 2.7595e-11 2.0116e-13
4.6431975 0.0003325 2.7025e-11 2.0116e-13
4.6438625 0.0003325 2.6515e-11 2.0116e-13
4.6445275 0.0003325 2.6879e-11 2.0116e-13
4.6451925 0.0003325 2.7026e-11 2.0116e-13
4.6458575 0.0003325 2.7276e-11 2.0116e-13
4.6465225 0.0003325 2.7585e-11 2.0617e-13
4.6471875 0.0003325 2.7584e-11 2.0079e-13
4.6478525 0.0003325 2.7838e-11 2.0425e-13
4.6485175 0.0003325 2.6989e-11 2.1068e-13
4.6491825 0.0003325 2.6443e-11 2.0116e-13
4.6498475 0.0003325 2.6987e-11 2.0116e-13
4.6505125 0.0003325 2.7323e-11 2.0116e-13
4.6511775 0.0003325 2.7702e-11 2.0116e-13
4.6518425 0.0003325 2.8598e-11 2.0116e-13
4.6525075 0.0003325 2.7728e-11 2.0116e-13
4.6531725 0.0003325 2.7225e-11 2.0825e-13
4.6538375 0.0003325 2.8361e-11 2.0116e-13
4.6545025 0.0003325 2.8075e-11 2.0845e-13
4.6551675 0.0003325 2.7705e-11 2.0917e-13
4.6558325 0.0003325 2.8011e-11 2.0372e-13
4.6564975 0.0003325 2.7952e-11 2.0001e-13
4.6571625 0.0003325 2.6354e-11 1.9772e-13
4.6578275 0.0003325 2.6109e-11 2.0864e-13
4.6584925 0.0003325 2.6697e-11 2.0116e-13
4.6591575 0.0003325 2.7786e-11 2.1055e-13
4.6598225 0.0003325 2.7255e-11 2.0116e-13
4.6604875 0.0003325 2.6599e-11 2.0236e-13
4.6611525 0.0003325 2.6668e-11 1.9944e-13
4.6618175 0.0003325 2.7274e-11 2.0385e-13
4.6624825 0.0003325 2.6980e-11 2.0509e-13
4.6631475 0.0003325 2.7343e-11 2.0321e-13
4.6638125 0.0003325 2.7037e-11 2.0210e-13
4.6644775 0.0003325 2.6622e-11 2.0288e-13
4.6651425 0.0003325 2.7872e-11 2.1037e-13
4.6658075 0.0003325 2.8157e-11 2.0116e-13
4.6664725 0.0003325 2.7433e-11 2.0116e-13
4.6671375 0.0003325 2.6829e-11 2.0116e-13
4.6678025 0.0003325 2.6720e-11 2.0116e-13
4.6684675 0.0003325 2.7450e-11 2.0116e-13
4.6691325 0.0003325 2.7138e-11 2.0116e-13
4.6697975 0.0003325 2.6613e-11 2.0116e-13
4.6704625 0.0003325 2.7143e-11 2.0116e-13
4.6711275 0.0003325 2.6975e-11 2.0116e-13
4.6717925 0.0003325 2.6366e-11 2.0116e-13
4.6724575 0.0003325 2.6674e-11 2.0116e-13
4.6731225 0.0003325 2.7262e-11 2.0116e-13
4.6737875 0.0003325 2.5121e-11 2.0878e-13
4.6744525 0.0003325 2.4816e-11 1.9740e-13
4.6751175 0.0003325 2.6453e-11 2.0116e-13
4.6757825 0.0003325 2.7061e-11 2.0116e-13
4.6764475 0.0003325 2.7955e-11 2.0116e-13
4.6771125 0.0003325 2.7993e-11 2.0116e-13
4.6777775 0.0003325 2.7861e-11 2.0116e-13
4.6784425 0.0003325 2.7371e-11 2.0116e-13
4.6791075 0.0003325 2.7250e-11 2.0861e-13
4.6797725 0.0003325 2.6788e-11 1.9656e-13
4.6804375 0.0003325 2.7070e-11 2.0398e-13
4.6811025 0.0003325 2.6561e-11 2.0955e-13
4.6817675 0.0003325 2.6405e-11 2.1013e-13
4.6824325 0.0003325 2.5691e-11 2.0464e-13
4.6830975 0.0003325 2.6137e-11 1.9840e-13
4.6837625 0.0003325 2.6200e-11 2.0116e-13
4.6844275 0.0003325 2.6106e-11 2.0116e-13
4.6850925 0.0003325 2.6321e-11 2.0757e-13
4.6857575 0.0003325 2.6783e-11 2.0724e-13
4.6864225 0.0003325 2.7350e-11 2.0676e-13
4.6870875 0.0003325 2.7416e-11 2.0977e-13
4.6877525 0.0003325 2.7494e-11 2.1012e-13
4.6884175 0.0003325 2.7491e-11 2.0864e-13
4.6890825 0.0003325 2.7557e-11 2.0488e-13
4.6897475 0.0003325 2.7846e-11 2.0116e-13
4.6904125 0.0003325 2.6883e-11 2.0887e-13
4.6910775 0.0003325 2.5714e-11 2.0116e-13
4.6917425 0.0003325 2.5647e-11 2.0802e-13
4.6924075 0.0003325 2.7017e-11 2.0078e-13
4.6930725 0.0003325 2.6469e-11 2.0246e-13
4.6937375 0.0003325 2.7244e-11 2.0695e-13
4.6944025 0.0003325 2.7527e-11 2.0305e-13
4.6950675 0.0003325 2.6828e-11 2.0309e-13
4.6957325 0.0003325 2.7383e-11 2.0459e-13
4.6963975 0.0003325 2.7109e-11 2.0727e-13
4.6970625 0.0003325 2.7944e-11 2.0582e-13
4.6977275 0.0003325 2.6727e-11 2.0116e-13
4.6983925 0.0003325 2.6222e-11 2.0116e-13
4.6990575 0.0003325 2.5810e-11 2.0116e-13
4.6997225 0.0003325 2.5039e-11 2.0681e-13
4.7003875 0.0003325 2.4605e-11 2.0531e-13
4.7010525 0.0003325 2.6553e-11 2.0852e-13
4.7017175 0.0003325 2.8548e-11 2.0116e-13
4.7023825 0.0003325 2.7733e-11 2.0116e-13
4.7030475 0.0003325 2.7132e-11 2.0116e-13
4.7037125 0.0003325 2.6934e-11 2.0116e-13
4.7043775 0.0003325 2.6928e-11 2.0116e-13
4.7050425 0.0003325 2.7226e-11 2.0116e-13
4.7057075 0.0003325 2.6394e-11 2.0116e-13
4.7063725 0.0003325 2.7142e-11 2.0116e-13
4.7070375 0.0003325 2.6805e-11 2.0116e-13
4.7077025 0.0003325 2.4686e-11 2.0116e-13
4.7083675 0.0003325 2.4366e-11 2.0116e-13
4.7090325 0.0003325 2.4804e-11 2.0116e-13
4.7096975 0.0003325 2.6005e-11 2.0149e-13
4.7103625 0.0003325 2.5449e-11 2.0637e-13
4.7110275 0.0003325 2.4661e-11 2.0025e-13
4.7116925 0.0003325 2.5974e-11 2.0188e-13
4.7123575 0.0003325 2.6509e-11 2.0116e-13
4.7130225 0.0003325 2.7633e-11 2.0116e-13
4.7136875 0.0003325 2.7546e-11 2.0900e-13
4.7143525 0.0003325 2.7409e-11 2.0353e-13
4.7150175 0.0003325 2.7013e-11 2.0116e-13
4.7156825 0.0003325 2.6091e-11 2.0116e-13
4.7163475 0.0003325 2.6182e-11 2.0116e-13
4.7170125 0.0003325 2.5716e-11 2.0116e-13
4.7176775 0.0003325 2.5350e-11 2.0116e-13
4.7183425 0.0003325 2.5030e-11 2.0116e-13
4.7190075 0.0003325 2.5577e-11 2.0953e-13
4.7196725 0.0003325 2.6524e-11 2.0116e-13
4.7203375 0.0003325 2.7449e-11 2.0116e-13
4.7210025 0.0003325 2.7290e-11 2.1071e-13
4.7216675 0.0003325 2.7042e-11 2.0727e-13
4.7223325 0.0003325 2.7368e-11 2.0891e-13
4.7229975 0.0003325 2.7292e-11 2.0852e-13
4.7236625 0.0003325 2.7219e-11 2.0810e-13
4.7243275 0.0003325 2.7131e-11 2.1051e-13
4.7249925 0.0003325 2.7110e-11 2.0363e-13
4.7256575 0.0003325 2.5832e-11 2.0890e-13
4.7263225 0.0003325 2.3874e-11 2.0116e-13
4.7269875 0.0003325 2.3685e-11 2.0116e-13
4.7276525 0.0003325 2.5330e-11 2.0775e-13
4.7283175 0.0003325 2.6425e-11 2.1046e-13
4.7289825 0.0003325 2.7237e-11 2.0828e-13
4.7296475 0.0003325 2.6080e-11 2.0116e-13
4.7303125 0.0003325 2.4559e-11 2.0116e-13
4.7309775 0.0003325 2.6439e-11 2.0116e-13
4.7316425 0.0003325 2.7269e-11 2.0116e-13
4.7323075 0.0003325 2.5957e-11 2.0760e-13
4.7329725 0.0003325 2.6197e-11 2.0287e-13
4.7336375 0.0003325 2.7115e-11 2.0116e-13
4.7343025 0.0003325 2.7347e-11 2.1027e-13
4.7349675 0.0003325 2.5866e-11 2.0794e-13
4.7356325 0.0003325 2.5670e-11 2.0084e-13
4.7362975 0.0003325 2.6698e-11 2.0116e-13
4.7369625 0.0003325 2.7019e-11 2.0116e-13
4.7376275 0.0003325 2.7532e-11 2.0930e-13
4.7382925 0.0003325 2.7122e-11 2.0116e-13
4.7389575 0.0003325 2.7656e-11 2.0264e-13
4.7396225 0.0003325 2.7459e-11 1.9615e-13
4.7402875 0.0003325 2.7690e-11 2.0583e-13
4.7409525 0.0003325 2.7335e-11 2.0116e-13
4.7416175 0.0003325 2.6951e-11 2.0785e-13
4.7422825 0.0003325 2.6436e-11 2.0116e-13
4.7429475 0.0003325 2.6091e-11 2.0116e-13
4.7436125 0.0003325 2.7032e-11 2.0323e-13
4.7442775 0.0003325 2.6294e-11 2.0685e-13
4.7449425 0.0003325 2.5304e-11 1.9844e-13
4.7456075 0.0003325 2.5001e-11 2.0056e-13
4.7462725 0.0003325 2.6132e-11 2.0114e-13
4.7469375 0.0003325 2.6170e-11 2.0319e-13
4.7476025 0.0003325 2.6551e-11 2.0226e-13
4.7482675 0.0003325 2.6871e-11 2.0116e-13
4.7489325 0.0003325 2.7120e-11 2.0116e-13
4.7495975 0.0003325 2.5851e-11 2.0116e-13
4.7502625 0.0003325 2.5867e-11 2.0116e-13
4.7509275 0.0003325 2.6577e-11 2.0116e-13
4.7515925 0.0003325 2.5434e-11 2.0116e-13
4.7522575 0.0003325 2.6189e-11 2.0116e-13
4.7529225 0.0003325 2.7116e-11 2.0116e-13
4.7535875 0.0003325 2.5993e-11 2.0116e-13
4.7542525 0.0003325 2.3871e-11 2.0025e-13
4.7549175 0.0003325 2.3838e-11 2.0572e-13
4.7555825 0.0003325 2.5593e-11 2.0116e-13
4.7562475 0.0003325 2.7219e-11 2.0116e-13
4.7569125 0.0003325 2.6230e-11 2.0271e-13
4.7575775 0.0003325 2.6876e-11 2.0065e-13
4.7582425 0.0003325 2.6187e-11 2.0259e-13
4.7589075 0.0003325 2.5913e-11 2.0432e-13
4.7595725 0.0003325 2.6932e-11 2.0024e-13
4.7602375 0.0003325 2.7320e-11 2.0552e-13
4.7609025 0.0003325 2.7220e-11 2.0116e-13
4.7615675 0.0003325 2.6136e-11 2.0116e-13
4.7622325 0.0003325 2.6090e-11 2.0116e-13
4.7628975 0.0003325 2.5529e-11 2.0545e-13
4.7635625 0.0003325 2.4814e-11 1.9986e-13
4.7642275 0.0003325 2.4933e-11 2.0010e-13
4.7648925 0.0003325 2.5398e-11 1.9669e-13
4.7655575 0.0003325 2.5874e-11 2.0038e-13
4.7662225 0.0003325 2.6315e-11 2.0062e-13
4.7668875 0.0003325 2.6377e-11 2.0896e-13
4.7675525 0.0003325 2.5399e-11 2.0332e-13
4.7682175 0.0003325 2.5148e-11 2.0116e-13
4.7688825 0.0003325 2.6145e-11 2.0632e-13
4.7695475 0.0003325 2.7122e-11 2.0116e-13
4.7702125 0.0003325 2.6968e-11 2.0116e-13
4.7708775 0.0003325 2.6312e-11 2.0683e-13
4.7715425 0.0003325 2.6576e-11 2.0469e-13
4.7722075 0.0003325 2.6464e-11 2.0116e-13
4.7728725 0.0003325 2.4842e-11 2.0116e-13
4.7735375 0.0003325 2.4432e-11 2.0116e-13
4.7742025 0.0003325 2.5869e-11 2.0116e-13
4.7748675 0.0003325 2.6138e-11 2.0116e-13
4.7755325 0.0003325 2.6551e-11 2.1002e-13
4.7761975 0.0003325 2.6222e-11 2.0116e-13
4.7768625 0.0003325 2.5071e-11 2.0062e-13
4.7775275 0.0003325 2.6196e-11 2.0524e-13
4.7781925 0.0003325 2.5937e-11 2.0116e-13
4.7788575 0.0003325 2.5842e-11 2.0383e-13
4.7795225 0.0003325 2.4625e-11 1.9896e-13
4.7801875 0.0003325 2.5441e-11 2.0076e-13
4.7808525 0.0003325 2.6152e-11 2.0308e-13
4.7815175 0.0003325 2.6116e-11 2.0941e-13
4.7821825 0.0003325 2.5612e-11 2.0116e-13
4.7828475 0.0003325 2.4813e-11 2.0116e-13
4.7835125 0.0003325 2.4110e-11 2.0116e-13
4.7841775 0.0003325 2.4783e-11 2.0116e-13
4.7848425 0.0003325 2.4937e-11 2.0116e-13
4.7855075 0.0003325 2.5149e-11 2.0116e-13
4.7861725 0.0003325 2.4679e-11 2.0116e-13
4.7868375 0.0003325 2.6058e-11 2.0116e-13
4.7875025 0.0003325 2.5528e-11 2.0116e-13
4.7881675 0.0003325 2.5662e-11 2.0116e-13
4.7888325 0.0003325 2.7172e-11 2.0116e-13
4.7894975 0.0003325 2.7910e-11 2.0116e-13
4.7901625 0.0003325 2.6565e-11 2.0116e-13
4.7908275 0.0003325 2.5938e-11 2.0833e-13
4.7914925 0.0003325 2.5745e-11 2.0438e-13
4.7921575 0.0003325 2.5290e-11 2.0749e-13
4.7928225 0.0003325 2.4140e-11 2.0116e-13
4.7934875 0.0003325 2.4115e-11 2.1042e-13
4.7941525 0.0003325 2.5485e-11 2.0836e-13
4.7948175 0.0003325 2.5276e-11 2.0873e-13
4.7954825 0.0003325 2.4935e-11 2.0116e-13
4.7961475 0.0003325 2.4959e-11 2.0116e-13
4.7968125 0.0003325 2.4745e-11 2.0116e-13
4.7974775 0.0003325 2.6456e-11 2.0541e-13
4.7981425 0.0003325 2.6635e-11 2.0116e-13
4.7988075 0.0003325 2.6812e-11 2.0116e-13
4.7994725 0.0003325 2.7471e-11 2.0116e-13
4.8001375 0.0003325 2.6828e-11 2.0958e-13
4.8008025 0.0003325 2.6905e-11 2.0116e-13
4.8014675 0.0003325 2.6656e-11 2.0116e-13
4.8021325 0.0003325 2.5771e-11 2.0116e-13
4.8027975 0.0003325 2.5173e-11 2.0116e-13
4.8034625 0.0003325 2.4426e-11 2.0116e-13
4.8041275 0.0003325 2.5073e-11 2.0116e-13
4.8047925 0.0003325 2.4545e-11 2.0116e-13
4.8054575 0.0003325 2.5121e-11 2.0116e-13
4.8061225 0.0003325 2.6423e-11 2.0116e-13
4.8067875 0.0003325 2.7300e-11 2.0116e-13
4.8074525 0.0003325 2.6928e-11 2.0116e-13
4.8081175 0.0003325 2.5700e-11 2.0116e-13
4.8087825 0.0003325 2.6526e-11 2.0116e-13
4.8094475 0.0003325 2.6890e-11 2.0116e-13
4.8101125 0.0003325 2.6921e-11 2.0116e-13
4.8107775 0.0003325 2.6066e-11 2.0116e-13
4.8114425 0.0003325 2.5807e-11 2.0116e-13
4.8121075 0.0003325 2.6384e-11 2.0116e-13
4.8127725 0.0003325 2.5190e-11 2.1080e-13
4.8134375 0.0003325 2.4214e-11 2.0315e-13
4.8141025 0.0003325 2.3517e-11 2.0566e-13
4.8147675 0.0003325 2.5040e-11 2.1090e-13
4.8154325 0.0003325 2.6611e-11 2.0116e-13
4.8160975 0.0003325 2.6312e-11 2.0756e-13
4.8167625 0.0003325 2.6149e-11 2.0116e-13
4.8174275 0.0003325 2.6931e-11 2.0116e-13
4.8180925 0.0003325 2.6354e-11 2.0116e-13
4.8187575 0.0003325 2.6601e-11 2.0885e-13
4.8194225 0.0003325 2.6480e-11 2.0116e-13
4.8200875 0.0003325 2.6569e-11 2.0562e-13
4.8207525 0.0003325 2.7087e-11 2.0000e-13
4.8214175 0.0003325 2.6046e-11 2.0378e-13
4.8220825 0.0003325 2.5810e-11 2.0942e-13
4.8227475 0.0003325 2.4521e-11 2.0116e-13
4.8234125 0.0003325 2.3762e-11 2.1011e-13
4.8240775 0.0003325 2.4437e-11 2.0224e-13
4.8247425 0.0003325 2.5489e-11 2.0715e-13
4.8254075 0.0003325 2.6566e-11 2.0574e-13
4.8260725 0.0003325 2.6683e-11 2.0365e-13
4.8267375 0.0003325 2.7252e-11 2.0133e-13
4.8274025 0.0003325 2.6722e-11 2.0116e-13
4.8280675 0.0003325 2.6583e-11 2.0116e-13
4.8287325 0.0003325 2.6212e-11 2.0116e-13
4.8293975 0.0003325 2.6508e-11 2.0116e-13
4.8300625 0.0003325 2.6440e-11 2.0116e-13
4.8307275 0.0003325 2.6420e-11 2.0116e-13
4.8313925 0.0003325 2.5230e-11 2.0116e-13
4.8320575 0.0003325 2.4849e-11 2.0116e-13
4.8327225 0.0003325 2.4722e-11 2.0116e-13
4.8333875 0.0003325 2.3260e-11 2.0116e-13
4.8340525 0.0003325 2.4312e-11 2.0116e-13
4.8347175 0.0003325 2.5860e-11 2.0116e-13
4.8353825 0.0003325 2.5617e-11 2.1026e-13
4.8360475 0.0003325 2.5344e-11 2.0116e-13
4.8367125 0.0003325 2.5284e-11 2.0116e-13
4.8373775 0.0003325 2.5062e-11 2.0116e-13
4.8380425 0.0003325 2.5354e-11 2.0116e-13
4.8387075 0.0003325 2.5528e-11 2.0116e-13
4.8393725 0.0003325 2.5514e-11 2.0116e-13
4.8400375 0.0003325 2.5782e-11 2.0116e-13
4.8407025 0.0003325 2.4107e-11 2.0116e-13
4.8413675 0.0003325 2.3969e-11 2.0116e-13
4.8420325 0.0003325 2.4821e-11 2.0116e-13
4.8426975 0.0003325 2.4425e-11 2.0116e-13
4.8433625 0.0003325 2.3689e-11 2.0116e-13
4.8440275 0.0003325 2.3843e-11 2.0116e-13
4.8446925 0.0003325 2.5080e-11 2.0116e-13
4.8453575 0.0003325 2.5552e-11 2.0637e-13
4.8460225 0.0003325 2.6664e-11 2.0116e-13
4.8466875 0.0003325 2.5906e-11 2.0116e-13
4.8473525 0.0003325 2.5812e-11 2.0116e-13
4.8480175 0.0003325 2.5902e-11 2.0195e-13
4.8486825 0.0003325 2.6233e-11 2.0760e-13
4.8493475 0.0003325 2.5552e-11 2.0116e-13
4.8500125 0.0003325 2.5129e-11 2.0116e-13
4.8506775 0.0003325 2.5648e-11 2.0116e-13
4.8513425 0.0003325 2.6536e-11 2.0116e-13
4.8520075 0.0003325 2.6993e-11 2.0116e-13
4.8526725 0.0003325 2.6897e-11 2.0116e-13
4.8533375 0.0003325 2.4922e-11 2.0116e-13
4.8540025 0.0003325 2.4289e-11 2.0116e-13
4.8546675 0.0003325 2.4229e-11 2.0116e-13
4.8553325 0.0003325 2.4693e-11 2.0893e-13
4.8559975 0.0003325 2.4888e-11 2.0835e-13
4.8566625 0.0003325 2.5086e-11 2.1099e-13
4.8573275 0.0003325 2.6152e-11 2.0116e-13
4.8579925 0.0003325 2.6263e-11 2.0116e-13
4.8586575 0.0003325 2.5698e-11 2.0116e-13
4.8593225 0.0003325 2.5205e-11 2.0116e-13
4.8599875 0.0003325 2.5808e-11 2.0116e-13
4.8606525 0.0003325 2.5184e-11 2.0116e-13
4.8613175 0.0003325 2.6698e-11 2.0116e-13
4.8619825 0.0003325 2.6496e-11 2.0116e-13
4.8626475 0.0003325 2.4132e-11 2.0116e-13
4.8633125 0.0003325 2.4644e-11 2.0116e-13
4.8639775 0.0003325 2.4155e-11 2.0116e-13
4.8646425 0.0003325 2.3948e-11 2.0752e-13
4.8653075 0.0003325 2.3557e-11 2.0116e-13
4.8659725 0.0003325 2.4146e-11 2.0915e-13
4.8666375 0.0003325 2.4691e-11 2.0116e-13
4.8673025 0.0003325 2.4544e-11 2.0116e-13
4.8679675 0.0003325 2.3677e-11 2.0116e-13
4.8686325 0.0003325 2.4225e-11 2.0989e-13
4.8692975 0.0003325 2.4679e-11 2.0116e-13
4.8699625 0.0003325 2.4923e-11 2.0116e-13
4.8706275 0.0003325 2.6116e-11 2.0845e-13
4.8712925 0.0003325 2.6315e-11 2.0116e-13
4.8719575 0.0003325 2.5489e-11 2.0116e-13
4.8726225 0.0003325 2.5552e-11 2.0116e-13
4.8732875 0.0003325 2.5654e-11 2.0116e-13
4.8739525 0.0003325 2.4810e-11 2.0116e-13
4.8746175 0.0003325 2.3923e-11 2.0116e-13
4.8752825 0.0003325 2.3935e-11 2.0116e-13
4.8759475 0.0003325 2.3504e-11 2.0116e-13
4.8766125 0.0003325 2.3949e-11 2.0116e-13
4.8772775 0.0003325 2.4812e-11 2.0116e-13
4.8779425 0.0003325 2.4883e-11 2.0116e-13
4.8786075 0.0003325 2.5483e-11 2.0116e-13
4.8792725 0.0003325 2.5702e-11 2.0116e-13
4.8799375 0.0003325 2.4927e-11 2.0116e-13
4.8806025 0.0003325 2.5254e-11 2.0116e-13
4.8812675 0.0003325 2.5663e-11 2.0116e-13
4.8819325 0.0003325 2.5875e-11 2.0116e-13
4.8825975 0.0003325 2.5303e-11 2.0116e-13
4.8832625 0.0003325 2.5304e-11 2.0116e-13
4.8839275 0.0003325 2.4921e-11 2.0116e-13
4.8845925 0.0003325 2.4851e-11 2.0116e-13
4.8852575 0.0003325 2.4814e-11 2.0116e-13
4.8859225 0.0003325 2.4125e-11 2.0116e-13
4.8865875 0.0003325 2.4075e-11 2.0116e-13
4.8872525 0.0003325 2.4430e-11 2.0116e-13
4.8879175 0.0003325 2.4398e-11 2.0116e-13
4.8885825 0.0003325 2.4851e-11 2.0116e-13
4.8892475 0.0003325 2.5475e-11 2.0116e-13
4.8899125 0.0003325 2.5522e-11 2.0116e-13
4.8905775 0.0003325 2.5305e-11 2.0116e-13
4.8912425 0.0003325 2.5269e-11 2.0116e-13
4.8919075 0.0003325 2.5601e-11 2.0116e-13
4.8925725 0.0003325 2.5581e-11 2.0116e-13
4.8932375 0.0003325 2.5332e-11 2.0116e-13
4.8939025 0.0003325 2.6274e-11 2.0116e-13
4.8945675 0.0003325 2.5090e-11 2.0116e-13
4.8952325 0.0003325 2.3767e-11 2.0116e-13
4.8958975 0.0003325 2.3713e-11 2.0116e-13
4.8965625 0.0003325 2.4808e-11 2.0116e-13
4.8972275 0.0003325 2.3715e-11 2.0116e-13
4.8978925 0.0003325 2.1743e-11 2.0116e-13
4.8985575 0.0003325 2.2295e-11 2.0116e-13
4.8992225 0.0003325 2.4029e-11 2.0116e-13
4.8998875 0.0003325 2.3886e-11 2.0116e-13
4.9005525 0.0003325 2.4928e-11 2.0116e-13
4.9012175 0.0003325 2.5628e-11 2.0116e-13
4.9018825 0.0003325 2.4878e-11 2.0116e-13
4.9025475 0.0003325 2.5116e-11 2.0116e-13
4.9032125 0.0003325 2.5502e-11 2.0116e-13
4.9038775 0.0003325 2.5340e-11 2.0116e-13
4.9045425 0.0003325 2.4722e-11 2.0116e-13
4.9052075 0.0003325 2.4045e-11 2.0116e-13
4.9058725 0.0003325 2.3834e-11 2.0116e-13
4.9065375 0.0003325 2.4982e-11 2.0116e-13
4.9072025 0.0003325 2.4818e-11 2.0116e-13
4.9078675 0.0003325 2.3759e-11 2.0116e-13
4.9085325 0.0003325 2.4159e-11 2.0116e-13
4.9091975 0.0003325 2.3122e-11 2.0116e-13
4.9098625 0.0003325 2.3856e-11 2.0116e-13
4.9105275 0.0003325 2.4675e-11 2.0116e-13
4.9111925 0.0003325 2.4860e-11 2.0116e-13
4.9118575 0.0003325 2.4430e-11 2.0116e-13
4.9125225 0.0003325 2.4597e-11 2.0116e-13
4.9131875 0.0003325 2.4629e-11 2.0116e-13
4.9138525 0.0003325 2.4508e-11 2.0116e-13
4.9145175 0.0003325 2.5228e-11 2.0116e-13
4.9151825 0.0003325 2.4946e-11 2.0116e-13
4.9158475 0.0003325 2.3928e-11 2.0749e-13
4.9165125 0.0003325 2.3603e-11 2.1009e-13
4.9171775 0.0003325 2.3574e-11 2.0826e-13
4.9178425 0.0003325 2.4157e-11 2.0116e-13
4.9185075 0.0003325 2.4212e-11 2.0116e-13
4.9191725 0.0003325 2.4547e-11 2.0116e-13
4.9198375 0.0003325 2.5056e-11 2.0116e-13
4.9205025 0.0003325 2.3680e-11 2.0116e-13
4.9211675 0.0003325 2.3156e-11 2.0116e-13
4.9218325 0.0003325 2.3784e-11 2.0116e-13
4.9224975 0.0003325 2.4954e-11 2.0116e-13
4.9231625 0.0003325 2.5384e-11 2.0116e-13
4.9238275 0.0003325 2.5320e-11 2.0116e-13
4.9244925 0.0003325 2.5307e-11 2.0116e-13
4.9251575 0.0003325 2.4662e-11 2.0116e-13
4.9258225 0.0003325 2.3274e-11 2.0116e-13
4.9264875 0.0003325 2.3465e-11 2.0116e-13
4.9271525 0.0003325 2.3504e-11 2.0116e-13
4.9278175 0.0003325 2.3798e-11 2.0116e-13
4.9284825 0.0003325 2.4371e-11 2.0116e-13
4.9291475 0.0003325 2.3848e-11 2.0872e-13
4.9298125 0.0003325 2.4530e-11 2.0116e-13
4.9304775 0.0003325 2.5295e-11 2.0116e-13
4.9311425 0.0003325 2.4604e-11 2.0116e-13
4.9318075 0.0003325 2.4157e-11 2.0116e-13
4.9324725 0.0003325 2.4330e-11 2.1019e-13
4.9331375 0.0003325 2.4088e-11 2.0116e-13
4.9338025 0.0003325 2.3624e-11 2.0116e-13
4.9344675 0.0003325 2.3767e-11 2.0116e-13
4.9351325 0.0003325 2.2805e-11 2.0116e-13
4.9357975 0.0003325 2.2517e-11 2.0116e-13
4.9364625 0.0003325 2.2963e-11 2.0116e-13
4.9371275 0.0003325 2.4060e-11 2.0116e-13
4.9377925 0.0003325 2.3759e-11 2.0116e-13
4.9384575 0.0003325 2.3204e-11 2.0116e-13
4.9391225 0.0003325 2.3153e-11 2.0116e-13
4.9397875 0.0003325 2.4020e-11 2.0116e-13
4.9404525 0.0003325 2.5162e-11 2.0116e-13
4.9411175 0.0003325 2.4722e-11 2.0116e-13
4.9417825 0.0003325 2.4661e-11 2.0116e-13
4.9424475 0.0003325 2.3691e-11 2.0116e-13
4.9431125 0.0003325 2.3485e-11 2.0116e-13
4.9437775 0.0003325 2.2589e-11 2.0116e-13
4.9444425 0.0003325 2.3626e-11 2.0116e-13
4.9451075 0.0003325 2.4717e-11 2.0116e-13
4.9457725 0.0003325 2.4795e-11 2.0116e-13
4.9464375 0.0003325 2.4779e-11 2.0116e-13
4.9471025 0.0003325 2.3761e-11 2.0116e-13
4.9477675 0.0003325 2.3764e-11 2.0116e-13
4.9484325 0.0003325 2.3458e-11 2.0910e-13
4.9490975 0.0003325 2.3180e-11 2.0686e-13
4.9497625 0.0003325 2.3855e-11 2.0116e-13
4.9504275 0.0003325 2.4404e-11 2.0116e-13
4.9510925 0.0003325 2.4167e-11 2.0116e-13
4.9517575 0.0003325 2.4532e-11 2.0116e-13
4.9524225 0.0003325 2.4609e-11 2.0116e-13
4.9530875 0.0003325 2.4660e-11 2.0116e-13
4.9537525 0.0003325 2.4316e-11 2.0116e-13
4.9544175 0.0003325 2.2995e-11 2.0116e-13
4.9550825 0.0003325 2.2709e-11 2.0116e-13
4.9557475 0.0003325 2.4055e-11 2.0116e-13
4.9564125 0.0003325 2.4145e-11 2.0116e-13
4.9570775 0.0003325 2.3828e-11 2.0116e-13
4.9577425 0.0003325 2.3895e-11 2.0116e-13
4.9584075 0.0003325 2.3867e-11 2.0116e-13
4.9590725 0.0003325 2.4056e-11 2.0116e-13
4.9597375 0.0003325 2.4042e-11 2.1032e-13
4.9604025 0.0003325 2.4570e-11 2.0116e-13
4.9610675 0.0003325 2.5236e-11 2.0751e-13
4.9617325 0.0003325 2.5159e-11 2.0116e-13
4.9623975 0.0003325 2.4304e-11 2.0116e-13
4.9630625 0.0003325 2.4110e-11 2.0116e-13
4.9637275 0.0003325 2.4290e-11 2.0116e-13
4.9643925 0.0003325 2.5232e-11 2.0116e-13
4.9650575 0.0003325 2.4895e-11 2.0116e-13
4.9657225 0.0003325 2.4524e-11 2.0116e-13
4.9663875 0.0003325 2.3736e-11 2.0116e-13
4.9670525 0.0003325 2.2766e-11 2.0116e-13
4.9677175 0.0003325 2.2580e-11 2.0116e-13
4.9683825 0.0003325 2.2695e-11 2.0116e-13
4.9690475 0.0003325 2.3653e-11 2.0736e-13
4.9697125 0.0003325 2.3168e-11 2.0116e-13
4.9703775 0.0003325 2.2554e-11 2.0116e-13
4.9710425 0.0003325 2.3211e-11 2.0116e-13
4.9717075 0.0003325 2.3494e-11 2.0116e-13
4.9723725 0.0003325 2.3871e-11 2.0116e-13
4.9730375 0.0003325 2.3929e-11 2.0116e-13
4.9737025 0.0003325 2.5092e-11 2.0116e-13
4.9743675 0.0003325 2.4694e-11 2.0116e-13
4.9750325 0.0003325 2.4444e-11 2.0116e-13
4.9756975 0.0003325 2.4476e-11 2.0116e-13
4.9763625 0.0003325 2.5107e-11 2.0116e-13
4.9770275 0.0003325 2.5043e-11 2.0116e-13
4.9776925 0.0003325 2.4886e-11 2.0116e-13
4.9783575 0.0003325 2.2972e-11 2.0116e-13
4.9790225 0.0003325 2.2104e-11 2.0116e-13
4.9796875 0.0003325 2.2951e-11 2.0116e-13
4.9803525 0.0003325 2.3421e-11 2.0116e-13
4.9810175 0.0003325 2.3011e-11 2.0116e-13
4.9816825 0.0003325 2.4008e-11 2.0116e-13
4.9823475 0.0003325 2.4172e-11 2.1094e-13
4.9830125 0.0003325 2.3528e-11 2.0116e-13
4.9836775 0.0003325 2.2300e-11 2.0116e-13
4.9843425 0.0003325 2.3796e-11 2.0116e-13
4.9850075 0.0003325 2.4677e-11 2.0116e-13
4.9856725 0.0003325 2.4243e-11 2.0116e-13
4.9863375 0.0003325 2.3585e-11 2.0116e-13
4.9870025 0.0003325 2.4949e-11 2.0116e-13
4.9876675 0.0003325 2.4893e-11 2.0116e-13
4.9883325 0.0003325 2.4153e-11 2.0116e-13
4.9889975 0.0003325 2.3412e-11 2.0116e-13
4.9896625 0.0003325 2.3211e-11 2.1079e-13
4.9903275 0.0003325 2.2009e-11 2.0116e-13
4.9909925 0.0003325 2.1364e-11 2.0116e-13
4.9916575 0.0003325 2.2488e-11 2.0116e-13
4.9923225 0.0003325 2.3942e-11 2.0116e-13
4.9929875 0.0003325 2.4103e-11 2.0116e-13
4.9936525 0.0003325 2.4262e-11 2.0116e-13
4.9943175 0.0003325 2.3544e-11 2.0116e-13
4.9949825 0.0003325 2.2582e-11 2.0116e-13
4.9956475 0.0003325 2.2831e-11 2.0116e-13
4.9963125 0.0003325 2.2491e-11 2.0116e-13
4.9969775 0.0003325 2.2934e-11 2.0918e-13
4.9976425 0.0003325 2.2298e-11 2.0557e-13
4.9983075 0.0003325 2.3080e-11 2.0844e-13
4.9989725 0.0003325 2.3050e-11 2.0116e-13
4.9996375 0.0003325 2.2653e-11 2.0988e-13
5.0003025 0.0003325 2.3994e-11 2.0116e-13
5.0009675 0.0003325 2.3579e-11 2.0116e-13
5.0016325 0.0003325 2.2916e-11 2.0116e-13
5.0022975 0.0003325 2.3190e-11 2.0116e-13
5.0029625 0.0003325 2.2796e-11 2.0116e-13
5.0036275 0.0003325 2.3115e-11 2.0116e-13
5.0042925 0.0003325 2.4508e-11 2.0116e-13
5.0049575 0.0003325 2.5624e-11 2.0116e-13
5.0056225 0.0003325 2.5543e-11 2.0116e-13
5.0062875 0.0003325 2.4093e-11 2.0116e-13
5.0069525 0.0003325 2.3615e-11 2.0116e-13
5.0076175 0.0003325 2.3961e-11 2.0116e-13
5.0082825 0.0003325 2.2840e-11 2.0116e-13
5.0089475 0.0003325 2.3899e-11 2.0116e-13
5.0096125 0.0003325 2.3904e-11 2.0116e-13
5.0102775 0.0003325 2.3154e-11 2.0116e-13
5.0109425 0.0003325 2.3404e-11 2.0116e-13
5.0116075 0.0003325 2.3020e-11 2.0116e-13
5.0122725 0.0003325 2.2619e-11 2.0116e-13
5.0129375 0.0003325 2.2910e-11 2.0116e-13
5.0136025 0.0003325 2.2571e-11 2.0116e-13
5.0142675 0.0003325 2.2713e-11 2.0116e-13
5.0149325 0.0003325 2.2587e-11 2.0116e-13
5.0155975 0.0003325 2.2391e-11 2.0116e-13
5.0162625 0.0003325 2.2232e-11 2.0652e-13
5.0169275 0.0003325 2.3147e-11 2.0116e-13
5.0175925 0.0003325 2.3666e-11 2.0116e-13
5.0182575 0.0003325 2.3473e-11 2.0116e-13
5.0189225 0.0003325 2.1711e-11 2.0116e-13
5.0195875 0.0003325 2.1519e-11 2.0116e-13
5.0202525 0.0003325 2.2626e-11 2.0116e-13
5.0209175 0.0003325 2.3452e-11 2.0116e-13
5.0215825 0.0003325 2.3492e-11 2.0116e-13
5.0222475 0.0003325 2.3490e-11 2.0116e-13
5.0229125 0.0003325 2.3031e-11 2.0116e-13
5.0235775 0.0003325 2.3013e-11 2.0116e-13
5.0242425 0.0003325 2.2783e-11 2.0116e-13
5.0249075 0.0003325 2.2686e-11 2.0116e-13
5.0255725 0.0003325 2.3277e-11 2.0116e-13
5.0262375 0.0003325 2.2844e-11 2.0116e-13
5.0269025 0.0003325 2.3390e-11 2.0116e-13
5.0275675 0.0003325 2.2849e-11 2.0116e-13
5.0282325 0.0003325 2.2071e-11 2.0116e-13
5.0288975 0.0003325 2.2333e-11 2.0116e-13
5.0295625 0.0003325 2.3456e-11 2.0116e-13
5.0302275 0.0003325 2.2209e-11 2.0116e-13
5.0308925 0.0003325 2.3126e-11 2.0116e-13
5.0315575 0.0003325 2.4205e-11 2.0116e-13
5.0322225 0.0003325 2.3545e-11 2.0116e-13
5.0328875 0.0003325 2.2838e-11 2.0116e-13
5.0335525 0.0003325 2.3676e-11 2.0116e-13
5.0342175 0.0003325 2.2498e-11 2.0116e-13
5.0348825 0.0003325 2.2556e-11 2.0116e-13
5.0355475 0.0003325 2.2349e-11 2.0116e-13
5.0362125 0.0003325 2.2452e-11 2.0116e-13
5.0368775 0.0003325 2.2953e-11 2.0116e-13
5.0375425 0.0003325 2.3578e-11 2.0116e-13
5.0382075 0.0003325 2.3267e-11 2.0116e-13
5.0388725 0.0003325 2.2150e-11 2.0116e-13
5.0395375 0.0003325 2.2721e-11 2.0116e-13
5.0402025 0.0003325 2.2375e-11 2.0116e-13
5.0408675 0.0003325 2.2379e-11 2.0116e-13
5.0415325 0.0003325 2.3200e-11 2.0116e-13
5.0421975 0.0003325 2.2609e-11 2.0116e-13
5.0428625 0.0003325 2.1937e-11 2.0116e-13
5.0435275 0.0003325 2.3127e-11 2.0665e-13
5.0441925 0.0003325 2.3294e-11 2.0116e-13
5.0448575 0.0003325 2.2766e-11 2.0116e-13
5.0455225 0.0003325 2.2766e-11 2.0116e-13
5.0461875 0.0003325 2.3512e-11 2.0116e-13
5.0468525 0.0003325 2.2446e-11 2.0116e-13
5.0475175 0.0003325 2.1632e-11 2.0116e-13
5.0481825 0.0003325 2.2140e-11 2.0116e-13
5.0488475 0.0003325 2.3622e-11 2.0116e-13
5.0495125 0.0003325 2.3927e-11 2.0116e-13
5.0501775 0.0003325 2.2374e-11 2.0116e-13
5.0508425 0.0003325 2.2304e-11 2.0116e-13
5.0515075 0.0003325 2.3275e-11 2.0116e-13
5.0521725 0.0003325 2.4219e-11 2.0116e-13
5.0528375 0.0003325 2.3635e-11 2.0116e-13
5.0535025 0.0003325 2.2226e-11 2.0116e-13
5.0541675 0.0003325 2.1898e-11 2.0116e-13
5.0548325 0.0003325 2.1895e-11 2.0116e-13
5.0554975 0.0003325 2.2964e-11 2.0116e-13
5.0561625 0.0003325 2.3650e-11 2.0116e-13
5.0568275 0.0003325 2.3388e-11 2.0116e-13
5.0574925 0.0003325 2.3941e-11 2.0116e-13
5.0581575 0.0003325 2.3566e-11 2.0116e-13
5.0588225 0.0003325 2.2593e-11 2.0116e-13
5.0594875 0.0003325 2.2146e-11 2.0116e-13
5.0601525 0.0003325 2.2778e-11 2.0116e-13
5.0608175 0.0003325 2.2853e-11 2.0116e-13
5.0614825 0.0003325 2.2789e-11 2.0116e-13
5.0621475 0.0003325 2.2258e-11 2.0116e-13
5.0628125 0.0003325 2.3002e-11 2.0116e-13
5.0634775 0.0003325 2.3268e-11 2.0116e-13
5.0641425 0.0003325 2.3550e-11 2.0116e-13
5.0648075 0.0003325 2.2959e-11 2.0116e-13
5.0654725 0.0003325 2.3172e-11 2.0116e-13
5.0661375 0.0003325 2.3269e-11 2.0116e-13
5.0668025 0.0003325 2.3259e-11 2.0116e-13
5.0674675 0.0003325 2.2787e-11 2.0116e-13
5.0681325 0.0003325 2.2718e-11 2.0116e-13
5.0687975 0.0003325 2.3103e-11 2.0116e-13
5.0694625 0.0003325 2.3633e-11 2.0116e-13
5.0701275 0.0003325 2.3763e-11 2.0116e-13
5.0707925 0.0003325 2.2888e-11 2.0116e-13
5.0714575 0.0003325 2.3386e-11 2.0116e-13
5.0721225 0.0003325 2.3321e-11 2.0116e-13
5.0727875 0.0003325 2.3870e-11 2.0116e-13
5.0734525 0.0003325 2.3672e-11 2.0116e-13
5.0741175 0.0003325 2.3703e-11 2.0116e-13
5.0747825 0.0003325 2.3070e-11 2.0116e-13
5.0754475 0.0003325 2.1922e-11 2.0116e-13
5.0761125 0.0003325 2.2174e-11 2.0116e-13
5.0767775 0.0003325 2.3591e-11 2.0116e-13
5.0774425 0.0003325 2.2413e-11 2.0116e-13
5.0781075 0.0003325 2.2029e-11 2.0116e-13
5.0787725 0.0003325 2.0977e-11 2.0116e-13
5.0794375 0.0003325 2.0521e-11 2.0116e-13
5.0801025 0.0003325 2.1195e-11 2.0722e-13
5.0807675 0.0003325 2.2483e-11 2.0116e-13
5.0814325 0.0003325 2.2768e-11 2.0116e-13
5.0820975 0.0003325 2.2609e-11 2.0116e-13
5.0827625 0.0003325 2.1484e-11 2.0116e-13
5.0834275 0.0003325 2.1991e-11 2.0116e-13
5.0840925 0.0003325 2.3094e-11 2.1055e-13
5.0847575 0.0003325 2.3899e-11 2.0116e-13
5.0854225 0.0003325 2.3381e-11 2.0116e-13
5.0860875 0.0003325 2.2498e-11 2.0116e-13
5.0867525 0.0003325 2.3247e-11 2.0116e-13
5.0874175 0.0003325 2.3058e-11 2.0116e-13
5.0880825 0.0003325 2.3067e-11 2.0116e-13
5.0887475 0.0003325 2.3791e-11 2.0116e-13
5.0894125 0.0003325 2.3028e-11 2.0116e-13
5.0900775 0.0003325 2.3228e-11 2.0116e-13
5.0907425 0.0003325 2.3137e-11 2.0116e-13
5.0914075 0.0003325 2.2765e-11 2.0116e-13
5.0920725 0.0003325 2.1967e-11 2.0116e-13
5.0927375 0.0003325 2.2078e-11 2.0116e-13
5.0934025 0.0003325 2.2669e-11 2.0116e-13
5.0940675 0.0003325 2.2811e-11 2.0116e-13
5.0947325 0.0003325 2.2207e-11 2.0116e-13
5.0953975 0.0003325 2.3058e-11 2.0116e-13
5.0960625 0.0003325 2.2759e-11 2.0116e-13
5.0967275 0.0003325 2.2734e-11 2.0116e-13
5.0973925 0.0003325 2.3273e-11 2.0116e-13
5.0980575 0.0003325 2.2731e-11 2.0981e-13
5.0987225 0.0003325 2.2997e-11 2.0116e-13
5.0993875 0.0003325 2.2516e-11 2.0116e-13
5.1000525 0.0003325 2.3513e-11 2.0116e-13
5.1007175 0.0003325 2.3422e-11 2.0116e-13
5.1013825 0.0003325 2.2911e-11 2.0116e-13
5.1020475 0.0003325 2.2824e-11 2.0116e-13
5.1027125 0.0003325 2.2991e-11 2.0116e-13
5.1033775 0.0003325 2.3665e-11 2.0116e-13
5.1040425 0.0003325 2.3573e-11 2.0116e-13
5.1047075 0.0003325 2.2708e-11 2.0116e-13
5.1053725 0.0003325 2.1895e-11 2.0116e-13
5.1060375 0.0003325 2.2156e-11 2.0116e-13
5.1067025 0.0003325 2.1735e-11 2.0116e-13
5.1073675 0.0003325 2.2440e-11 2.0116e-13
5.1080325 0.0003325 2.3024e-11 2.0116e-13
5.1086975 0.0003325 2.2727e-11 2.0116e-13
5.1093625 0.0003325 2.1932e-11 2.0116e-13
5.1100275 0.0003325 2.1947e-11 2.0116e-13
5.1106925 0.0003325 2.1185e-11 2.0116e-13
5.1113575 0.0003325 2.2132e-11 2.0116e-13
5.1120225 0.0003325 2.2015e-11 2.0116e-13
5.1126875 0.0003325 2.2471e-11 2.0116e-13
5.1133525 0.0003325 2.2722e-11 2.0116e-13
5.1140175 0.0003325 2.2266e-11 2.0116e-13
5.1146825 0.0003325 2.1872e-11 2.0116e-13
5.1153475 0.0003325 2.1999e-11 2.0116e-13
5.1160125 0.0003325 2.2615e-11 2.0116e-13
5.1166775 0.0003325 2.3002e-11 2.0116e-13
5.1173425 0.0003325 2.3043e-11 2.0116e-13
5.1180075 0.0003325 2.1407e-11 2.0116e-13
5.1186725 0.0003325 2.0842e-11 2.0116e-13
5.1193375 0.0003325 2.0588e-11 2.0116e-13
5.1200025 0.0003325 2.0931e-11 2.0116e-13
5.1206675 0.0003325 2.1130e-11 2.0116e-13
5.1213325 0.0003325 2.1797e-11 2.0116e-13
5.1219975 0.0003325 2.2362e-11 2.0116e-13
5.1226625 0.0003325 2.2608e-11 2.0116e-13
5.1233275 0.0003325 2.3417e-11 2.0116e-13
5.1239925 0.0003325 2.3235e-11 2.0116e-13
5.1246575 0.0003325 2.2472e-11 2.0116e-13
5.1253225 0.0003325 2.2218e-11 2.0116e-13
5.1259875 0.0003325 2.2292e-11 2.0116e-13
5.1266525 0.0003325 2.2416e-11 2.0116e-13
5.1273175 0.0003325 2.2210e-11 2.0116e-13
5.1279825 0.0003325 2.1790e-11 2.0116e-13
5.1286475 0.0003325 2.1585e-11 2.1015e-13
5.1293125 0.0003325 2.1601e-11 2.0116e-13
5.1299775 0.0003325 2.1665e-11 2.0116e-13
5.1306425 0.0003325 2.0284e-11 2.0116e-13
5.1313075 0.0003325 2.0407e-11 2.0116e-13
5.1319725 0.0003325 2.0888e-11 2.0116e-13
5.1326375 0.0003325 2.0985e-11 2.0116e-13
5.1333025 0.0003325 2.1867e-11 2.0116e-13
5.1339675 0.0003325 2.1986e-11 2.0116e-13
5.1346325 0.0003325 2.2391e-11 2.0116e-13
5.1352975 0.0003325 2.2301e-11 2.0116e-13
5.1359625 0.0003325 2.2487e-11 2.0116e-13
5.1366275 0.0003325 2.1809e-11 2.0116e-13
5.1372925 0.0003325 2.0636e-11 2.0116e-13
5.1379575 0.0003325 2.1789e-11 2.0116e-13
5.1386225 0.0003325 2.1640e-11 2.0116e-13
5.1392875 0.0003325 2.1568e-11 2.0116e-13
5.1399525 0.0003325 2.1661e-11 2.0116e-13
5.1406175 0.0003325 2.1174e-11 2.0116e-13
5.1412825 0.0003325 2.1175e-11 2.0116e-13
5.1419475 0.0003325 2.0991e-11 2.0116e-13
5.1426125 0.0003325 2.1704e-11 2.0116e-13
5.1432775 0.0003325 2.1897e-11 2.0116e-13
5.1439425 0.0003325 2.0514e-11 2.0116e-13
5.1446075 0.0003325 2.0075e-11 2.0116e-13
5.1452725 0.0003325 2.0997e-11 2.0116e-13
5.1459375 0.0003325 2.2072e-11 2.0116e-13
5.1466025 0.0003325 2.1312e-11 2.0116e-13
5.1472675 0.0003325 2.0054e-11 2.0116e-13
5.1479325 0.0003325 2.1173e-11 2.0116e-13
5.1485975 0.0003325 2.1003e-11 2.0116e-13
5.1492625 0.0003325 2.1439e-11 2.0116e-13
5.1499275 0.0003325 2.1774e-11 2.0116e-13
5.1505925 0.0003325 2.1196e-11 2.0116e-13
5.1512575 0.0003325 2.2359e-11 2.0116e-13
5.1519225 0.0003325 2.2577e-11 2.0116e-13
5.1525875 0.0003325 2.2396e-11 2.0116e-13
5.1532525 0.0003325 2.2674e-11 2.0116e-13
5.1539175 0.0003325 2.3448e-11 2.0116e-13
5.1545825 0.0003325 2.3074e-11 2.0116e-13
5.1552475 0.0003325 2.2473e-11 2.0116e-13
5.1559125 0.0003325 2.1926e-11 2.0116e-13
5.1565775 0.0003325 2.2543e-11 2.0116e-13
5.1572425 0.0003325 2.2631e-11 2.0116e-13
5.1579075 0.0003325 2.1939e-11 2.0116e-13
5.1585725 0.0003325 2.1952e-11 2.0116e-13
5.1592375 0.0003325 2.1878e-11 2.0116e-13
5.1599025 0.0003325 2.1478e-11 2.0116e-13
5.1605675 0.0003325 2.0849e-11 2.0116e-13
5.1612325 0.0003325 2.0998e-11 2.0116e-13
5.1618975 0.0003325 2.1558e-11 2.1049e-13
5.1625625 0.0003325 2.2747e-11 2.0116e-13
5.1632275 0.0003325 2.3674e-11 2.0116e-13
5.1638925 0.0003325 2.3499e-11 2.0116e-13
5.1645575 0.0003325 2.2485e-11 2.0116e-13
5.1652225 0.0003325 2.2214e-11 2.0116e-13
5.1658875 0.0003325 2.2037e-11 2.0116e-13
5.1665525 0.0003325 2.1885e-11 2.0116e-13
5.1672175 0.0003325 2.1536e-11 2.0116e-13
5.1678825 0.0003325 2.1323e-11 2.0116e-13
5.1685475 0.0003325 2.1662e-11 2.0116e-13
5.1692125 0.0003325 2.1590e-11 2.0116e-13
5.1698775 0.0003325 2.1433e-11 2.0116e-13
5.1705425 0.0003325 2.0992e-11 2.0116e-13
5.1712075 0.0003325 2.1848e-11 2.0116e-13
5.1718725 0.0003325 2.1883e-11 2.0116e-13
5.1725375 0.0003325 2.1236e-11 2.0116e-13
5.1732025 0.0003325 2.0643e-11 2.0116e-13
5.1738675 0.0003325 2.0977e-11 2.0116e-13
5.1745325 0.0003325 2.1303e-11 2.0116e-13
5.1751975 0.0003325 2.1219e-11 2.0116e-13
5.1758625 0.0003325 2.1158e-11 2.0116e-13
5.1765275 0.0003325 2.0832e-11 2.0116e-13
5.1771925 0.0003325 2.2342e-11 2.0116e-13
5.1778575 0.0003325 2.2406e-11 2.0116e-13
5.1785225 0.0003325 2.2092e-11 2.0116e-13
5.1791875 0.0003325 2.1445e-11 2.0116e-13
5.1798525 0.0003325 2.1662e-11 2.0116e-13
5.1805175 0.0003325 2.1690e-11 2.0116e-13
5.1811825 0.0003325 2.1132e-11 2.0116e-13
5.1818475 0.0003325 2.0607e-11 2.0116e-13
5.1825125 0.0003325 2.1305e-11 2.0116e-13
5.1831775 0.0003325 2.2239e-11 2.0116e-13
5.1838425 0.0003325 2.1644e-11 2.0116e-13
5.1845075 0.0003325 2.1169e-11 2.0116e-13
5.1851725 0.0003325 2.1138e-11 2.0116e-13
5.1858375 0.0003325 2.1912e-11 2.0116e-13
5.1865025 0.0003325 2.2339e-11 2.0116e-13
5.1871675 0.0003325 2.1577e-11 2.0116e-13
5.1878325 0.0003325 2.1152e-11 2.0116e-13
5.1884975 0.0003325 2.1368e-11 2.0116e-13
5.1891625 0.0003325 2.1928e-11 2.0116e-13
5.1898275 0.0003325 2.1628e-11 2.0116e-13
5.1904925 0.0003325 2.2272e-11 2.0116e-13
5.1911575 0.0003325 2.2722e-11 2.0116e-13
5.1918225 0.0003325 2.2093e-11 2.0116e-13
5.1924875 0.0003325 2.1969e-11 2.0116e-13
5.1931525 0.0003325 2.2950e-11 2.0116e-13
5.1938175 0.0003325 2.1864e-11 2.0116e-13
5.1944825 0.0003325 2.1156e-11 2.0116e-13
5.1951475 0.0003325 2.0459e-11 2.0116e-13
5.1958125 0.0003325 2.0193e-11 2.0116e-13
5.1964775 0.0003325 2.1563e-11 2.0629e-13
5.1971425 0.0003325 2.1526e-11 2.0921e-13
5.1978075 0.0003325 2.1349e-11 2.0116e-13
5.1984725 0.0003325 2.0746e-11 2.0116e-13
5.1991375 0.0003325 1.9901e-11 2.0116e-13
5.1998025 0.0003325 2.0282e-11 2.0116e-13
5.2004675 0.0003325 2.0703e-11 2.0116e-13
5.2011325 0.0003325 2.1586e-11 2.0116e-13
5.2017975 0.0003325 2.1721e-11 2.0116e-13
5.2024625 0.0003325 2.1175e-11 2.0116e-13
5.2031275 0.0003325 2.1362e-11 2.0116e-13
5.2037925 0.0003325 2.1276e-11 2.0116e-13
5.2044575 0.0003325 2.1486e-11 2.0116e-13
5.2051225 0.0003325 2.1117e-11 2.0116e-13
5.2057875 0.0003325 2.1234e-11 2.0116e-13
5.2064525 0.0003325 2.0934e-11 2.0116e-13
5.2071175 0.0003325 2.1809e-11 2.0116e-13
5.2077825 0.0003325 2.2671e-11 2.0116e-13
5.2084475 0.0003325 2.2198e-11 2.0116e-13
5.2091125 0.0003325 2.1737e-11 2.0116e-13
5.2097775 0.0003325 2.0803e-11 2.0116e-13
5.2104425 0.0003325 2.0565e-11 2.0116e-13
5.2111075 0.0003325 2.0788e-11 2.0116e-13
5.2117725 0.0003325 2.1223e-11 2.0116e-13
5.2124375 0.0003325 2.1294e-11 2.0116e-13
5.2131025 0.0003325 2.0992e-11 2.0116e-13
5.2137675 0.0003325 2.0950e-11 2.0116e-13
5.2144325 0.0003325 2.1524e-11 2.0116e-13
5.2150975 0.0003325 2.2113e-11 2.0116e-13
5.2157625 0.0003325 2.2053e-11 2.0116e-13
5.2164275 0.0003325 2.1773e-11 2.0116e-13
5.2170925 0.0003325 2.0917e-11 2.0116e-13
5.2177575 0.0003325 2.0506e-11 2.0116e-13
5.2184225 0.0003325 2.1757e-11 2.0116e-13
5.2190875 0.0003325 2.1970e-11 2.0116e-13
5.2197525 0.0003325 2.1183e-11 2.0116e-13
5.2204175 0.0003325 2.2324e-11 2.0116e-13
5.2210825 0.0003325 2.1899e-11 2.0116e-13
5.2217475 0.0003325 2.0591e-11 2.0116e-13
5.2224125 0.0003325 2.0244e-11 2.0116e-13
5.2230775 0.0003325 1.9893e-11 2.0116e-13
5.2237425 0.0003325 2.0946e-11 2.0116e-13
5.2244075 0.0003325 2.2171e-11 2.0116e-13
5.2250725 0.0003325 2.1621e-11 2.0116e-13
5.2257375 0.0003325 2.1273e-11 2.0116e-13
5.2264025 0.0003325 2.1306e-11 2.0116e-13
5.2270675 0.0003325 2.1453e-11 2.0116e-13
5.2277325 0.0003325 2.1546e-11 2.0116e-13
5.2283975 0.0003325 2.1702e-11 2.0116e-13
5.2290625 0.0003325 2.1722e-11 2.0116e-13
5.2297275 0.0003325 2.2638e-11 2.0116e-13
5.2303925 0.0003325 2.1741e-11 2.0116e-13
5.2310575 0.0003325 2.1826e-11 2.0116e-13
5.2317225 0.0003325 2.1381e-11 2.0116e-13
5.2323875 0.0003325 2.0639e-11 2.0116e-13
5.2330525 0.0003325 2.1262e-11 2.0116e-13
5.2337175 0.0003325 2.2033e-11 2.0116e-13
5.2343825 0.0003325 2.2083e-11 2.0116e-13
5.2350475 0.0003325 2.0951e-11 2.0116e-13
5.2357125 0.0003325 2.0155e-11 2.0116e-13
5.2363775 0.0003325 2.1753e-11 2.0116e-13
5.2370425 0.0003325 2.1963e-11 2.0116e-13
5.2377075 0.0003325 2.2051e-11 2.0116e-13
5.2383725 0.0003325 2.1428e-11 2.0116e-13
5.2390375 0.0003325 2.1132e-11 2.0116e-13
5.2397025 0.0003325 2.0602e-11 2.0116e-13
5.2403675 0.0003325 2.0321e-11 2.0116e-13
5.2410325 0.0003325 2.0763e-11 2.0116e-13
5.2416975 0.0003325 2.0632e-11 2.0116e-13
5.2423625 0.0003325 2.1412e-11 2.0116e-13
5.2430275 0.0003325 2.1699e-11 2.0116e-13
5.2436925 0.0003325 2.2476e-11 2.0116e-13
5.2443575 0.0003325 2.2384e-11 2.0116e-13
5.2450225 0.0003325 2.1839e-11 2.0116e-13
5.2456875 0.0003325 2.0931e-11 2.0116e-13
5.2463525 0.0003325 2.1953e-11 2.0116e-13
5.2470175 0.0003325 2.1860e-11 2.0116e-13
5.2476825 0.0003325 2.1384e-11 2.0116e-13
5.2483475 0.0003325 2.2126e-11 2.0116e-13
5.2490125 0.0003325 2.2466e-11 2.0116e-13
5.2496775 0.0003325 2.3487e-11 2.0116e-13
5.2503425 0.0003325 2.3548e-11 2.0116e-13
5.2510075 0.0003325 2.2194e-11 2.0116e-13
5.2516725 0.0003325 2.1881e-11 2.0116e-13
5.2523375 0.0003325 2.1806e-11 2.0116e-13
5.2530025 0.0003325 2.1766e-11 2.0116e-13
5.2536675 0.0003325 2.2476e-11 2.0116e-13
5.2543325 0.0003325 2.1884e-11 2.0116e-13
5.2549975 0.0003325 2.2329e-11 2.0116e-13
5.2556625 0.0003325 2.2477e-11 2.0116e-13
5.2563275 0.0003325 2.2088e-11 2.0116e-13
5.2569925 0.0003325 2.1567e-11 2.0116e-13
5.2576575 0.0003325 2.1843e-11 2.0116e-13
5.2583225 0.0003325 2.1300e-11 2.0116e-13
5.2589875 0.0003325 2.1218e-11 2.0116e-13
5.2596525 0.0003325 2.3020e-11 2.0116e-13
5.2603175 0.0003325 2.3494e-11 2.0116e-13
5.2609825 0.0003325 2.3198e-11 2.0116e-13
5.2616475 0.0003325 2.2674e-11 2.0116e-13
5.2623125 0.0003325 2.1536e-11 2.0116e-13
5.2629775 0.0003325 2.1525e-11 2.0116e-13
5.2636425 0.0003325 2.2179e-11 2.0116e-13
5.2643075 0.0003325 2.2697e-11 2.0116e-13
5.2649725 0.0003325 2.1997e-11 2.0116e-13
5.2656375 0.0003325 2.2453e-11 2.0116e-13
