2.8742975 0.0003325 5.4800e-11 1.9200e-13
2.8749625 0.0003325 5.5959e-11 1.9200e-13
2.8756275 0.0003325 5.7064e-11 1.9200e-13
2.8762925 0.0003325 5.7843e-11 1.9200e-13
2.8769575 0.0003325 5.5967e-11 1.9200e-13
2.8776225 0.0003325 5.2801e-11 1.9200e-13
2.8782875 0.0003325 5.3432e-11 1.9200e-13
2.8789525 0.0003325 5.4950e-11 1.9200e-13
2.8796175 0.0003325 5.6822e-11 1.9200e-13
2.8802825 0.0003325 5.5635e-11 1.9200e-13
2.8809475 0.0003325 5.4195e-11 1.9200e-13
2.8816125 0.0003325 5.4944e-11 1.9200e-13
2.8822775 0.0003325 5.5155e-11 1.9200e-13
2.8829425 0.0003325 5.5294e-11 1.9200e-13
2.8836075 0.0003325 5.3949e-11 1.9200e-13
2.8842725 0.0003325 5.4831e-11 1.9200e-13
2.8849375 0.0003325 5.6202e-11 1.9200e-13
2.8856025 0.0003325 5.4329e-11 1.9200e-13
2.8862675 0.0003325 5.2344e-11 1.9200e-13
2.8869325 0.0003325 5.4927e-11 1.9200e-13
2.8875975 0.0003325 5.4504e-11 1.9200e-13
2.8882625 0.0003325 5.3435e-11 1.9200e-13
2.8889275 0.0003325 5.2371e-11 1.9200e-13
2.8895925 0.0003325 5.1249e-11 1.9200e-13
2.8902575 0.0003325 5.0748e-11 1.9200e-13
2.8909225 0.0003325 5.1298e-11 1.9200e-13
2.8915875 0.0003325 5.2312e-11 1.9200e-13
2.8922525 0.0003325 5.3433e-11 1.9200e-13
2.8929175 0.0003325 5.5428e-11 1.9200e-13
2.8935825 0.0003325 5.7601e-11 1.9200e-13
2.8942475 0.0003325 5.8726e-11 1.9200e-13
2.8949125 0.0003325 5.7583e-11 1.9200e-13
2.8955775 0.0003325 5.5538e-11 1.9200e-13
2.8962425 0.0003325 5.5078e-11 1.9200e-13
2.8969075 0.0003325 5.6795e-11 1.9200e-13
2.8975725 0.0003325 5.7532e-11 1.9200e-13
2.8982375 0.0003325 5.7043e-11 1.9200e-13
2.8989025 0.0003325 5.3171e-11 1.9200e-13
2.8995675 0.0003325 5.1396e-11 1.9200e-13
2.9002325 0.0003325 5.0798e-11 1.9200e-13
2.9008975 0.0003325 5.1372e-11 1.9200e-13
2.9015625 0.0003325 5.2350e-11 1.9200e-13
2.9022275 0.0003325 5.4010e-11 1.9200e-13
2.9028925 0.0003325 5.5182e-11 1.9200e-13
2.9035575 0.0003325 5.4831e-11 1.9200e-13
2.9042225 0.0003325 5.3485e-11 1.9200e-13
2.9048875 0.0003325 5.5429e-11 1.9200e-13
2.9055525 0.0003325 5.6974e-11 1.9200e-13
2.9062175 0.0003325 5.4711e-11 1.9200e-13
2.9068825 0.0003325 5.3849e-11 1.9200e-13
2.9075475 0.0003325 5.1717e-11 1.9200e-13
2.9082125 0.0003325 4.9527e-11 1.9200e-13
2.9088775 0.0003325 4.9329e-11 1.9200e-13
2.9095425 0.0003325 5.0004e-11 1.9200e-13
2.9102075 0.0003325 5.0774e-11 1.9200e-13
2.9108725 0.0003325 5.3650e-11 1.9200e-13
2.9115375 0.0003325 5.6394e-11 1.9200e-13
2.9122025 0.0003325 5.7467e-11 1.9200e-13
2.9128675 0.0003325 5.7522e-11 1.9200e-13
2.9135325 0.0003325 5.6103e-11 1.9200e-13
2.9141975 0.0003325 5.4747e-11 1.9200e-13
2.9148625 0.0003325 5.4266e-11 1.9200e-13
2.9155275 0.0003325 5.3870e-11 1.9200e-13
2.9161925 0.0003325 5.5221e-11 1.9200e-13
2.9168575 0.0003325 5.5773e-11 1.9200e-13
2.9175225 0.0003325 5.4913e-11 1.9200e-13
2.9181875 0.0003325 5.4808e-11 1.9200e-13
2.9188525 0.0003325 5.4893e-11 1.9200e-13
2.9195175 0.0003325 5.5185e-11 1.9200e-13
2.9201825 0.0003325 5.4680e-11 1.9200e-13
2.9208475 0.0003325 5.2757e-11 1.9200e-13
2.9215125 0.0003325 5.1773e-11 1.9200e-13
2.9221775 0.0003325 5.3460e-11 1.9200e-13
2.9228425 0.0003325 5.4084e-11 1.9200e-13
2.9235075 0.0003325 5.3218e-11 1.9200e-13
2.9241725 0.0003325 5.3186e-11 1.9200e-13
2.9248375 0.0003325 5.4964e-11 1.9200e-13
2.9255025 0.0003325 5.5363e-11 1.9200e-13
2.9261675 0.0003325 5.4127e-11 1.9200e-13
2.9268325 0.0003325 5.5567e-11 1.9200e-13
2.9274975 0.0003325 5.2889e-11 1.9200e-13
2.9281625 0.0003325 5.1568e-11 1.9200e-13
2.9288275 0.0003325 4.9917e-11 1.9200e-13
2.9294925 0.0003325 4.8861e-11 1.9200e-13
2.9301575 0.0003325 5.1626e-11 1.9200e-13
2.9308225 0.0003325 5.3556e-11 1.9200e-13
2.9314875 0.0003325 5.4319e-11 1.9200e-13
2.9321525 0.0003325 5.5095e-11 1.9200e-13
2.9328175 0.0003325 5.7488e-11 1.9200e-13
2.9334825 0.0003325 5.6944e-11 1.9200e-13
2.9341475 0.0003325 5.5560e-11 1.9200e-13
2.9348125 0.0003325 5.6400e-11 1.9200e-13
2.9354775 0.0003325 5.6854e-11 1.9200e-13
2.9361425 0.0003325 5.6052e-11 1.9200e-13
2.9368075 0.0003325 5.7530e-11 1.9200e-13
2.9374725 0.0003325 5.7760e-11 1.9200e-13
2.9381375 0.0003325 5.6982e-11 1.9200e-13
2.9388025 0.0003325 5.6927e-11 1.9200e-13
2.9394675 0.0003325 5.6014e-11 1.9200e-13
2.9401325 0.0003325 5.2896e-11 1.9200e-13
2.9407975 0.0003325 5.1359e-11 1.9200e-13
2.9414625 0.0003325 5.1644e-11 1.9200e-13
2.9421275 0.0003325 5.3407e-11 1.9200e-13
2.9427925 0.0003325 5.4924e-11 1.9200e-13
2.9434575 0.0003325 5.5030e-11 1.9200e-13
2.9441225 0.0003325 5.4614e-11 1.9200e-13
2.9447875 0.0003325 5.4774e-11 1.9200e-13
2.9454525 0.0003325 5.5505e-11 1.9200e-13
2.9461175 0.0003325 5.3995e-11 1.9200e-13
2.9467825 0.0003325 5.0898e-11 1.9200e-13
2.9474475 0.0003325 5.1264e-11 1.9200e-13
2.9481125 0.0003325 5.1441e-11 1.9200e-13
2.9487775 0.0003325 5.0066e-11 1.9200e-13
2.9494425 0.0003325 5.3171e-11 1.9200e-13
2.9501075 0.0003325 5.5998e-11 1.9200e-13
2.9507725 0.0003325 5.5915e-11 1.9200e-13
2.9514375 0.0003325 5.5955e-11 1.9200e-13
2.9521025 0.0003325 5.4459e-11 1.9200e-13
2.9527675 0.0003325 5.4849e-11 1.9200e-13
2.9534325 0.0003325 5.3381e-11 1.9200e-13
2.9540975 0.0003325 5.3916e-11 1.9200e-13
2.9547625 0.0003325 5.4261e-11 1.9200e-13
2.9554275 0.0003325 5.2865e-11 1.9200e-13
2.9560925 0.0003325 5.3051e-11 1.9200e-13
2.9567575 0.0003325 5.3577e-11 1.9200e-13
2.9574225 0.0003325 5.5955e-11 1.9200e-13
2.9580875 0.0003325 5.4981e-11 1.9200e-13
2.9587525 0.0003325 5.3251e-11 1.9200e-13
2.9594175 0.0003325 5.3269e-11 1.9200e-13
2.9600825 0.0003325 5.4041e-11 1.9200e-13
2.9607475 0.0003325 5.4574e-11 1.9200e-13
2.9614125 0.0003325 5.5064e-11 1.9200e-13
2.9620775 0.0003325 5.5241e-11 1.9200e-13
2.9627425 0.0003325 5.3066e-11 1.9200e-13
2.9634075 0.0003325 5.3042e-11 1.9200e-13
2.9640725 0.0003325 5.3009e-11 1.9200e-13
2.9647375 0.0003325 5.4703e-11 1.9200e-13
2.9654025 0.0003325 5.5921e-11 1.9200e-13
2.9660675 0.0003325 5.3426e-11 1.9200e-13
2.9667325 0.0003325 5.2241e-11 1.9200e-13
2.9673975 0.0003325 5.2565e-11 1.9200e-13
2.9680625 0.0003325 5.1255e-11 1.9200e-13
2.9687275 0.0003325 5.0861e-11 1.9200e-13
2.9693925 0.0003325 5.1476e-11 1.9200e-13
2.9700575 0.0003325 5.3309e-11 1.9200e-13
2.9707225 0.0003325 5.3843e-11 1.9200e-13
2.9713875 0.0003325 5.2898e-11 1.9200e-13
2.9720525 0.0003325 5.2226e-11 1.9200e-13
2.9727175 0.0003325 5.2198e-11 1.9200e-13
2.9733825 0.0003325 5.3453e-11 1.9200e-13
2.9740475 0.0003325 5.4193e-11 1.9200e-13
2.9747125 0.0003325 5.1837e-11 1.9200e-13
2.9753775 0.0003325 5.1802e-11 1.9200e-13
2.9760425 0.0003325 5.3760e-11 1.9200e-13
2.9767075 0.0003325 5.2754e-11 1.9200e-13
2.9773725 0.0003325 5.2877e-11 1.9200e-13
2.9780375 0.0003325 5.3731e-11 1.9200e-13
2.9787025 0.0003325 5.3339e-11 1.9200e-13
2.9793675 0.0003325 5.3878e-11 1.9200e-13
2.9800325 0.0003325 5.2969e-11 1.9200e-13
2.9806975 0.0003325 5.3004e-11 1.9200e-13
2.9813625 0.0003325 5.4844e-11 1.9200e-13
2.9820275 0.0003325 5.3377e-11 1.9200e-13
2.9826925 0.0003325 5.3039e-11 1.9200e-13
2.9833575 0.0003325 5.4010e-11 1.9200e-13
2.9840225 0.0003325 5.4466e-11 1.9200e-13
2.9846875 0.0003325 5.4073e-11 1.9200e-13
2.9853525 0.0003325 5.3524e-11 1.9200e-13
2.9860175 0.0003325 5.3452e-11 1.9200e-13
2.9866825 0.0003325 5.1719e-11 1.9200e-13
2.9873475 0.0003325 5.0650e-11 1.9200e-13
2.9880125 0.0003325 5.1334e-11 1.9200e-13
2.9886775 0.0003325 4.9838e-11 1.9200e-13
2.9893425 0.0003325 4.9312e-11 1.9200e-13
2.9900075 0.0003325 5.2723e-11 1.9200e-13
2.9906725 0.0003325 5.3916e-11 1.9200e-13
2.9913375 0.0003325 5.3840e-11 1.9200e-13
2.9920025 0.0003325 5.4359e-11 1.9200e-13
2.9926675 0.0003325 5.4488e-11 1.9200e-13
2.9933325 0.0003325 5.1212e-11 1.9200e-13
2.9939975 0.0003325 5.2456e-11 1.9200e-13
2.9946625 0.0003325 5.5091e-11 1.9200e-13
2.9953275 0.0003325 5.4816e-11 1.9200e-13
2.9959925 0.0003325 5.3519e-11 1.9200e-13
2.9966575 0.0003325 5.2176e-11 1.9200e-13
2.9973225 0.0003325 5.3602e-11 1.9200e-13
2.9979875 0.0003325 5.4433e-11 1.9200e-13
2.9986525 0.0003325 5.2132e-11 1.9200e-13
2.9993175 0.0003325 5.2254e-11 1.9200e-13
2.9999825 0.0003325 5.4644e-11 1.9200e-13
3.0006475 0.0003325 5.4390e-11 1.9200e-13
3.0013125 0.0003325 5.2711e-11 1.9200e-13
3.0019775 0.0003325 5.1885e-11 1.9200e-13
3.0026425 0.0003325 5.2727e-11 1.9200e-13
3.0033075 0.0003325 5.3237e-11 1.9200e-13
3.0039725 0.0003325 5.3503e-11 1.9200e-13
3.0046375 0.0003325 5.2735e-11 1.9200e-13
3.0053025 0.0003325 5.2299e-11 1.9200e-13
3.0059675 0.0003325 5.2294e-11 1.9200e-13
3.0066325 0.0003325 5.0585e-11 1.9200e-13
3.0072975 0.0003325 5.0836e-11 1.9200e-13
3.0079625 0.0003325 5.0981e-11 1.9200e-13
3.0086275 0.0003325 4.9730e-11 1.9200e-13
3.0092925 0.0003325 4.9867e-11 1.9200e-13
3.0099575 0.0003325 4.9653e-11 1.9200e-13
3.0106225 0.0003325 5.1761e-11 1.9200e-13
3.0112875 0.0003325 5.1143e-11 1.9200e-13
3.0119525 0.0003325 5.2022e-11 1.9200e-13
3.0126175 0.0003325 5.3171e-11 1.9200e-13
3.0132825 0.0003325 5.4099e-11 1.9200e-13
3.0139475 0.0003325 5.4067e-11 1.9200e-13
3.0146125 0.0003325 5.4161e-11 1.9200e-13
3.0152775 0.0003325 5.4846e-11 1.9200e-13
3.0159425 0.0003325 5.3608e-11 1.9200e-13
3.0166075 0.0003325 5.3041e-11 1.9200e-13
3.0172725 0.0003325 5.3613e-11 1.9200e-13
3.0179375 0.0003325 5.3789e-11 1.9200e-13
3.0186025 0.0003325 5.3281e-11 1.9200e-13
3.0192675 0.0003325 5.5212e-11 1.9200e-13
3.0199325 0.0003325 5.4790e-11 1.9200e-13
3.0205975 0.0003325 5.3646e-11 1.9200e-13
3.0212625 0.0003325 5.3871e-11 1.9200e-13
3.0219275 0.0003325 5.0251e-11 1.9200e-13
3.0225925 0.0003325 5.0711e-11 1.9200e-13
3.0232575 0.0003325 5.2065e-11 1.9200e-13
3.0239225 0.0003325 5.2952e-11 1.9200e-13
3.0245875 0.0003325 5.3633e-11 1.9200e-13
3.0252525 0.0003325 5.2641e-11 1.9200e-13
3.0259175 0.0003325 5.2137e-11 1.9200e-13
3.0265825 0.0003325 5.3293e-11 1.9200e-13
3.0272475 0.0003325 5.4000e-11 1.9200e-13
3.0279125 0.0003325 5.2997e-11 1.9200e-13
3.0285775 0.0003325 5.2490e-11 1.9200e-13
3.0292425 0.0003325 5.2069e-11 1.9200e-13
3.0299075 0.0003325 5.2057e-11 1.9200e-13
3.0305725 0.0003325 5.1138e-11 1.9200e-13
3.0312375 0.0003325 5.0562e-11 1.9200e-13
3.0319025 0.0003325 5.0857e-11 1.9200e-13
3.0325675 0.0003325 5.3210e-11 1.9200e-13
3.0332325 0.0003325 5.3744e-11 1.9200e-13
3.0338975 0.0003325 5.3502e-11 1.9200e-13
3.0345625 0.0003325 5.3736e-11 1.9200e-13
3.0352275 0.0003325 5.3617e-11 1.9200e-13
3.0358925 0.0003325 5.3333e-11 1.9200e-13
3.0365575 0.0003325 5.4411e-11 1.9200e-13
3.0372225 0.0003325 5.4481e-11 1.9200e-13
3.0378875 0.0003325 5.4808e-11 1.9200e-13
3.0385525 0.0003325 5.4661e-11 1.9200e-13
3.0392175 0.0003325 5.4259e-11 1.9200e-13
3.0398825 0.0003325 5.4242e-11 1.9200e-13
3.0405475 0.0003325 5.4821e-11 1.9200e-13
3.0412125 0.0003325 5.3858e-11 1.9200e-13
3.0418775 0.0003325 5.4276e-11 1.9200e-13
3.0425425 0.0003325 5.4473e-11 1.9200e-13
3.0432075 0.0003325 5.2571e-11 1.9200e-13
3.0438725 0.0003325 5.2380e-11 1.9200e-13
3.0445375 0.0003325 5.2067e-11 1.9200e-13
3.0452025 0.0003325 5.1369e-11 1.9200e-13
3.0458675 0.0003325 5.0815e-11 1.9200e-13
3.0465325 0.0003325 5.1751e-11 1.9200e-13
3.0471975 0.0003325 5.3243e-11 1.9200e-13
3.0478625 0.0003325 5.3517e-11 1.9200e-13
3.0485275 0.0003325 5.3503e-11 1.9200e-13
3.0491925 0.0003325 5.2307e-11 1.9200e-13
3.0498575 0.0003325 5.1561e-11 1.9200e-13
3.0505225 0.0003325 5.0686e-11 1.9200e-13
3.0511875 0.0003325 5.0779e-11 1.9200e-13
3.0518525 0.0003325 5.1241e-11 1.9200e-13
3.0525175 0.0003325 5.1983e-11 1.9200e-13
3.0531825 0.0003325 5.2587e-11 1.9200e-13
3.0538475 0.0003325 5.1871e-11 1.9200e-13
3.0545125 0.0003325 5.2655e-11 1.9200e-13
3.0551775 0.0003325 5.4098e-11 1.9200e-13
3.0558425 0.0003325 5.5178e-11 1.9200e-13
3.0565075 0.0003325 5.3771e-11 1.9200e-13
3.0571725 0.0003325 5.3810e-11 1.9200e-13
3.0578375 0.0003325 5.4472e-11 1.9200e-13
3.0585025 0.0003325 5.3824e-11 1.9200e-13
3.0591675 0.0003325 5.4038e-11 1.9200e-13
3.0598325 0.0003325 5.4870e-11 1.9200e-13
3.0604975 0.0003325 5.5427e-11 1.9200e-13
3.0611625 0.0003325 5.5026e-11 1.9200e-13
3.0618275 0.0003325 5.3541e-11 1.9200e-13
3.0624925 0.0003325 5.4164e-11 1.9200e-13
3.0631575 0.0003325 5.4212e-11 1.9200e-13
3.0638225 0.0003325 5.4775e-11 1.9200e-13
3.0644875 0.0003325 5.4112e-11 1.9200e-13
3.0651525 0.0003325 5.2346e-11 1.9200e-13
3.0658175 0.0003325 5.3199e-11 1.9200e-13
3.0664825 0.0003325 5.5743e-11 1.9200e-13
3.0671475 0.0003325 5.6374e-11 1.9200e-13
3.0678125 0.0003325 5.3309e-11 1.9200e-13
3.0684775 0.0003325 5.2791e-11 1.9200e-13
3.0691425 0.0003325 5.1501e-11 1.9200e-13
3.0698075 0.0003325 5.1803e-11 1.9200e-13
3.0704725 0.0003325 5.1941e-11 1.9200e-13
3.0711375 0.0003325 5.0622e-11 1.9200e-13
3.0718025 0.0003325 5.0973e-11 1.9200e-13
3.0724675 0.0003325 5.1139e-11 1.9200e-13
3.0731325 0.0003325 5.1862e-11 1.9200e-13
3.0737975 0.0003325 5.2796e-11 1.9200e-13
3.0744625 0.0003325 5.2131e-11 1.9200e-13
3.0751275 0.0003325 5.2191e-11 1.9200e-13
3.0757925 0.0003325 5.4082e-11 1.9200e-13
3.0764575 0.0003325 5.4515e-11 1.9200e-13
3.0771225 0.0003325 5.4229e-11 1.9200e-13
3.0777875 0.0003325 5.3992e-11 1.9200e-13
3.0784525 0.0003325 5.5548e-11 1.9200e-13
3.0791175 0.0003325 5.5728e-11 1.9200e-13
3.0797825 0.0003325 5.5547e-11 1.9200e-13
3.0804475 0.0003325 5.5568e-11 1.9200e-13
3.0811125 0.0003325 5.5642e-11 1.9200e-13
3.0817775 0.0003325 5.4772e-11 1.9200e-13
3.0824425 0.0003325 5.4039e-11 1.9200e-13
3.0831075 0.0003325 5.2282e-11 1.9200e-13
3.0837725 0.0003325 5.2925e-11 1.9200e-13
3.0844375 0.0003325 5.3639e-11 1.9200e-13
3.0851025 0.0003325 5.4082e-11 1.9200e-13
3.0857675 0.0003325 5.4541e-11 1.9200e-13
3.0864325 0.0003325 5.4582e-11 1.9200e-13
3.0870975 0.0003325 5.3911e-11 1.9200e-13
3.0877625 0.0003325 5.3420e-11 1.9200e-13
3.0884275 0.0003325 5.2431e-11 1.9200e-13
3.0890925 0.0003325 5.2076e-11 1.9200e-13
3.0897575 0.0003325 5.1109e-11 1.9200e-13
3.0904225 0.0003325 5.2945e-11 1.9200e-13
3.0910875 0.0003325 5.3634e-11 1.9200e-13
3.0917525 0.0003325 5.2953e-11 1.9200e-13
3.0924175 0.0003325 5.3649e-11 1.9200e-13
3.0930825 0.0003325 5.2925e-11 1.9200e-13
3.0937475 0.0003325 5.3383e-11 1.9200e-13
3.0944125 0.0003325 5.2744e-11 1.9200e-13
3.0950775 0.0003325 5.0960e-11 1.9200e-13
3.0957425 0.0003325 5.1541e-11 1.9200e-13
3.0964075 0.0003325 5.3270e-11 1.9200e-13
3.0970725 0.0003325 5.3078e-11 1.9200e-13
3.0977375 0.0003325 5.2392e-11 1.9200e-13
3.0984025 0.0003325 5.2291e-11 1.9200e-13
3.0990675 0.0003325 5.3660e-11 1.9200e-13
3.0997325 0.0003325 5.5222e-11 1.9200e-13
3.1003975 0.0003325 5.4505e-11 1.9200e-13
3.1010625 0.0003325 5.4969e-11 1.9200e-13
3.1017275 0.0003325 5.6309e-11 1.9200e-13
3.1023925 0.0003325 5.5215e-11 1.9200e-13
3.1030575 0.0003325 5.4175e-11 1.9200e-13
3.1037225 0.0003325 5.4143e-11 1.9200e-13
3.1043875 0.0003325 5.4226e-11 1.9200e-13
3.1050525 0.0003325 5.3602e-11 1.9200e-13
3.1057175 0.0003325 5.2700e-11 1.9200e-13
3.1063825 0.0003325 5.2356e-11 1.9200e-13
3.1070475 0.0003325 5.3466e-11 1.9200e-13
3.1077125 0.0003325 5.3745e-11 1.9200e-13
3.1083775 0.0003325 5.2967e-11 1.9200e-13
3.1090425 0.0003325 5.3993e-11 1.9200e-13
3.1097075 0.0003325 5.3995e-11 1.9200e-13
3.1103725 0.0003325 5.3867e-11 1.9200e-13
3.1110375 0.0003325 5.3464e-11 1.9200e-13
3.1117025 0.0003325 5.2872e-11 1.9200e-13
3.1123675 0.0003325 5.3445e-11 1.9200e-13
3.1130325 0.0003325 5.3903e-11 1.9200e-13
3.1136975 0.0003325 5.2794e-11 1.9200e-13
3.1143625 0.0003325 5.2588e-11 1.9200e-13
3.1150275 0.0003325 5.3113e-11 1.9200e-13
3.1156925 0.0003325 5.4551e-11 1.9200e-13
3.1163575 0.0003325 5.5780e-11 1.9200e-13
3.1170225 0.0003325 5.6019e-11 1.9200e-13
3.1176875 0.0003325 5.4130e-11 1.9200e-13
3.1183525 0.0003325 5.2837e-11 1.9200e-13
3.1190175 0.0003325 5.3058e-11 1.9200e-13
3.1196825 0.0003325 5.3556e-11 1.9200e-13
3.1203475 0.0003325 5.3330e-11 1.9200e-13
3.1210125 0.0003325 5.3152e-11 1.9200e-13
3.1216775 0.0003325 5.3695e-11 1.9200e-13
3.1223425 0.0003325 5.4395e-11 1.9200e-13
3.1230075 0.0003325 5.4105e-11 1.9200e-13
3.1236725 0.0003325 5.4649e-11 1.9200e-13
3.1243375 0.0003325 5.4597e-11 1.9200e-13
3.1250025 0.0003325 5.6087e-11 1.9200e-13
3.1256675 0.0003325 5.7233e-11 1.9200e-13
3.1263325 0.0003325 5.5430e-11 1.9200e-13
3.1269975 0.0003325 5.5132e-11 1.9200e-13
3.1276625 0.0003325 5.4000e-11 1.9200e-13
3.1283275 0.0003325 5.3203e-11 1.9200e-13
3.1289925 0.0003325 5.2862e-11 1.9200e-13
3.1296575 0.0003325 5.3178e-11 1.9200e-13
3.1303225 0.0003325 5.3659e-11 1.9200e-13
3.1309875 0.0003325 5.2869e-11 1.9200e-13
3.1316525 0.0003325 5.3394e-11 1.9200e-13
3.1323175 0.0003325 5.3544e-11 1.9200e-13
3.1329825 0.0003325 5.2343e-11 1.9200e-13
3.1336475 0.0003325 5.1799e-11 1.9200e-13
3.1343125 0.0003325 5.2530e-11 1.9200e-13
3.1349775 0.0003325 5.2699e-11 1.9200e-13
3.1356425 0.0003325 5.2899e-11 1.9200e-13
3.1363075 0.0003325 5.4864e-11 1.9200e-13
3.1369725 0.0003325 5.4634e-11 1.9200e-13
3.1376375 0.0003325 5.2673e-11 1.9200e-13
3.1383025 0.0003325 5.1759e-11 1.9200e-13
3.1389675 0.0003325 5.2847e-11 1.9200e-13
3.1396325 0.0003325 5.3517e-11 1.9200e-13
3.1402975 0.0003325 5.3960e-11 1.9200e-13
3.1409625 0.0003325 5.3553e-11 1.9200e-13
3.1416275 0.0003325 5.2330e-11 1.9200e-13
3.1422925 0.0003325 5.2790e-11 1.9200e-13
3.1429575 0.0003325 5.3751e-11 1.9200e-13
3.1436225 0.0003325 5.3709e-11 1.9200e-13
3.1442875 0.0003325 5.4395e-11 1.9200e-13
3.1449525 0.0003325 5.4120e-11 1.9200e-13
3.1456175 0.0003325 5.3223e-11 1.9200e-13
3.1462825 0.0003325 5.2973e-11 1.9200e-13
3.1469475 0.0003325 5.3594e-11 1.9200e-13
3.1476125 0.0003325 5.4209e-11 1.9200e-13
3.1482775 0.0003325 5.3636e-11 1.9200e-13
3.1489425 0.0003325 5.1065e-11 1.9200e-13
3.1496075 0.0003325 5.1984e-11 1.9200e-13
3.1502725 0.0003325 5.4014e-11 1.9200e-13
3.1509375 0.0003325 5.4582e-11 1.9200e-13
3.1516025 0.0003325 5.4364e-11 1.9200e-13
3.1522675 0.0003325 5.3757e-11 1.9200e-13
3.1529325 0.0003325 5.4553e-11 1.9200e-13
3.1535975 0.0003325 5.3951e-11 1.9200e-13
3.1542625 0.0003325 5.3945e-11 1.9200e-13
3.1549275 0.0003325 5.1579e-11 1.9200e-13
3.1555925 0.0003325 5.1218e-11 1.9200e-13
3.1562575 0.0003325 5.3293e-11 1.9200e-13
3.1569225 0.0003325 5.2365e-11 1.9200e-13
3.1575875 0.0003325 5.1551e-11 1.9200e-13
3.1582525 0.0003325 5.3210e-11 1.9200e-13
3.1589175 0.0003325 5.4466e-11 1.9200e-13
3.1595825 0.0003325 5.4588e-11 1.9200e-13
3.1602475 0.0003325 5.3771e-11 1.9200e-13
3.1609125 0.0003325 5.4109e-11 1.9200e-13
3.1615775 0.0003325 5.4661e-11 1.9200e-13
3.1622425 0.0003325 5.4835e-11 1.9200e-13
3.1629075 0.0003325 5.4597e-11 1.9200e-13
3.1635725 0.0003325 5.4902e-11 1.9200e-13
3.1642375 0.0003325 5.5717e-11 1.9200e-13
3.1649025 0.0003325 5.5034e-11 1.9200e-13
3.1655675 0.0003325 5.3227e-11 1.9200e-13
3.1662325 0.0003325 5.3602e-11 1.9200e-13
3.1668975 0.0003325 5.1150e-11 1.9200e-13
3.1675625 0.0003325 4.9249e-11 1.9200e-13
3.1682275 0.0003325 5.2124e-11 1.9200e-13
3.1688925 0.0003325 5.3745e-11 1.9200e-13
3.1695575 0.0003325 5.3532e-11 1.9200e-13
3.1702225 0.0003325 5.3550e-11 1.9200e-13
3.1708875 0.0003325 5.3261e-11 1.9200e-13
3.1715525 0.0003325 5.2470e-11 1.9200e-13
3.1722175 0.0003325 5.3322e-11 1.9200e-13
3.1728825 0.0003325 5.4379e-11 1.9200e-13
3.1735475 0.0003325 5.4144e-11 1.9200e-13
3.1742125 0.0003325 5.3615e-11 1.9200e-13
3.1748775 0.0003325 5.2551e-11 1.9200e-13
3.1755425 0.0003325 5.3424e-11 1.9200e-13
3.1762075 0.0003325 5.2601e-11 1.9200e-13
3.1768725 0.0003325 5.2032e-11 1.9200e-13
3.1775375 0.0003325 5.3470e-11 1.9200e-13
3.1782025 0.0003325 5.3706e-11 1.9200e-13
3.1788675 0.0003325 5.2949e-11 1.9200e-13
3.1795325 0.0003325 5.3003e-11 1.9200e-13
3.1801975 0.0003325 5.3705e-11 1.9200e-13
3.1808625 0.0003325 5.4306e-11 1.9200e-13
3.1815275 0.0003325 5.3980e-11 1.9200e-13
3.1821925 0.0003325 5.3981e-11 1.9200e-13
3.1828575 0.0003325 5.5036e-11 1.9200e-13
3.1835225 0.0003325 5.5477e-11 1.9200e-13
3.1841875 0.0003325 5.5212e-11 1.9200e-13
3.1848525 0.0003325 5.3737e-11 1.9200e-13
3.1855175 0.0003325 5.2993e-11 1.9200e-13
3.1861825 0.0003325 5.3064e-11 1.9200e-13
3.1868475 0.0003325 5.4042e-11 1.9200e-13
3.1875125 0.0003325 5.4297e-11 1.9200e-13
3.1881775 0.0003325 5.4895e-11 1.9200e-13
3.1888425 0.0003325 5.3341e-11 1.9200e-13
3.1895075 0.0003325 5.1913e-11 1.9200e-13
3.1901725 0.0003325 5.2358e-11 1.9200e-13
3.1908375 0.0003325 5.3941e-11 1.9200e-13
3.1915025 0.0003325 5.3855e-11 1.9200e-13
3.1921675 0.0003325 5.4214e-11 1.9200e-13
3.1928325 0.0003325 5.2603e-11 1.9200e-13
3.1934975 0.0003325 5.1248e-11 1.9200e-13
3.1941625 0.0003325 5.2176e-11 1.9200e-13
3.1948275 0.0003325 5.1812e-11 1.9200e-13
3.1954925 0.0003325 5.0922e-11 1.9200e-13
3.1961575 0.0003325 4.9618e-11 1.9200e-13
3.1968225 0.0003325 5.1204e-11 1.9200e-13
3.1974875 0.0003325 5.3053e-11 1.9200e-13
3.1981525 0.0003325 5.2942e-11 1.9200e-13
3.1988175 0.0003325 5.2964e-11 1.9200e-13
3.1994825 0.0003325 5.1118e-11 1.9200e-13
3.2001475 0.0003325 5.0976e-11 1.9200e-13
3.2008125 0.0003325 5.1823e-11 1.9200e-13
3.2014775 0.0003325 5.1866e-11 1.9200e-13
3.2021425 0.0003325 5.0970e-11 1.9200e-13
3.2028075 0.0003325 5.1369e-11 1.9200e-13
3.2034725 0.0003325 5.2407e-11 1.9200e-13
3.2041375 0.0003325 5.2584e-11 1.9200e-13
3.2048025 0.0003325 5.2037e-11 1.9200e-13
3.2054675 0.0003325 5.2932e-11 1.9200e-13
3.2061325 0.0003325 5.5276e-11 1.9200e-13
3.2067975 0.0003325 5.6296e-11 1.9200e-13
3.2074625 0.0003325 5.4783e-11 1.9200e-13
3.2081275 0.0003325 5.3922e-11 1.9200e-13
3.2087925 0.0003325 5.3319e-11 1.9200e-13
3.2094575 0.0003325 5.3472e-11 1.9200e-13
3.2101225 0.0003325 5.3600e-11 1.9200e-13
3.2107875 0.0003325 5.3629e-11 1.9200e-13
3.2114525 0.0003325 5.4832e-11 1.9200e-13
3.2121175 0.0003325 5.3224e-11 1.9200e-13
3.2127825 0.0003325 5.1038e-11 1.9200e-13
3.2134475 0.0003325 5.2051e-11 1.9200e-13
3.2141125 0.0003325 5.2211e-11 1.9200e-13
3.2147775 0.0003325 5.2280e-11 1.9200e-13
3.2154425 0.0003325 5.2757e-11 1.9200e-13
3.2161075 0.0003325 5.3518e-11 1.9200e-13
3.2167725 0.0003325 5.4393e-11 1.9200e-13
3.2174375 0.0003325 5.3892e-11 1.9200e-13
3.2181025 0.0003325 5.3072e-11 1.9200e-13
3.2187675 0.0003325 5.3419e-11 1.9200e-13
3.2194325 0.0003325 5.2754e-11 1.9200e-13
3.2200975 0.0003325 5.2467e-11 1.9200e-13
3.2207625 0.0003325 5.3257e-11 1.9200e-13
3.2214275 0.0003325 5.4151e-11 1.9200e-13
3.2220925 0.0003325 5.5894e-11 1.9200e-13
3.2227575 0.0003325 5.4126e-11 1.9200e-13
3.2234225 0.0003325 5.2722e-11 1.9200e-13
3.2240875 0.0003325 5.1089e-11 1.9200e-13
3.2247525 0.0003325 5.1921e-11 1.9200e-13
3.2254175 0.0003325 5.3786e-11 1.9200e-13
3.2260825 0.0003325 5.3004e-11 1.9200e-13
3.2267475 0.0003325 5.2340e-11 1.9200e-13
3.2274125 0.0003325 5.3680e-11 1.9200e-13
3.2280775 0.0003325 5.3364e-11 1.9200e-13
3.2287425 0.0003325 5.2061e-11 1.9200e-13
3.2294075 0.0003325 5.2504e-11 1.9200e-13
3.2300725 0.0003325 5.4386e-11 1.9200e-13
3.2307375 0.0003325 5.5278e-11 1.9200e-13
3.2314025 0.0003325 5.4139e-11 1.9200e-13
3.2320675 0.0003325 4.9559e-11 1.9200e-13
3.2327325 0.0003325 5.1140e-11 1.9200e-13
3.2333975 0.0003325 5.3538e-11 1.9200e-13
3.2340625 0.0003325 5.3436e-11 1.9200e-13
3.2347275 0.0003325 5.3842e-11 1.9200e-13
3.2353925 0.0003325 5.3941e-11 1.9200e-13
3.2360575 0.0003325 5.4813e-11 1.9200e-13
3.2367225 0.0003325 5.4725e-11 1.9200e-13
3.2373875 0.0003325 5.3884e-11 1.9200e-13
3.2380525 0.0003325 5.3897e-11 1.9200e-13
3.2387175 0.0003325 5.3345e-11 1.9200e-13
3.2393825 0.0003325 5.3904e-11 1.9200e-13
3.2400475 0.0003325 5.3380e-11 1.9200e-13
3.2407125 0.0003325 5.2198e-11 1.9200e-13
3.2413775 0.0003325 5.2010e-11 1.9200e-13
3.2420425 0.0003325 5.2621e-11 1.9200e-13
3.2427075 0.0003325 5.2779e-11 1.9200e-13
3.2433725 0.0003325 5.2649e-11 1.9200e-13
3.2440375 0.0003325 5.2211e-11 1.9200e-13
3.2447025 0.0003325 5.1226e-11 1.9200e-13
3.2453675 0.0003325 5.2078e-11 1.9200e-13
3.2460325 0.0003325 5.3632e-11 1.9200e-13
3.2466975 0.0003325 5.3176e-11 1.9200e-13
3.2473625 0.0003325 5.1868e-11 1.9200e-13
3.2480275 0.0003325 5.2267e-11 1.9200e-13
3.2486925 0.0003325 5.3397e-11 1.9200e-13
3.2493575 0.0003325 5.3930e-11 1.9200e-13
3.2500225 0.0003325 5.3620e-11 1.9200e-13
3.2506875 0.0003325 5.3370e-11 1.9200e-13
3.2513525 0.0003325 5.4257e-11 1.9200e-13
3.2520175 0.0003325 5.5475e-11 1.9200e-13
3.2526825 0.0003325 5.4453e-11 1.9200e-13
3.2533475 0.0003325 5.4024e-11 1.9200e-13
3.2540125 0.0003325 5.4380e-11 1.9200e-13
3.2546775 0.0003325 5.3282e-11 1.9200e-13
3.2553425 0.0003325 5.2583e-11 1.9200e-13
3.2560075 0.0003325 5.3617e-11 1.9200e-13
3.2566725 0.0003325 5.3950e-11 1.9200e-13
3.2573375 0.0003325 5.4085e-11 1.9200e-13
3.2580025 0.0003325 5.3113e-11 1.9200e-13
3.2586675 0.0003325 5.3002e-11 1.9200e-13
3.2593325 0.0003325 5.2965e-11 1.9200e-13
3.2599975 0.0003325 5.4216e-11 1.9200e-13
3.2606625 0.0003325 5.4326e-11 1.9200e-13
3.2613275 0.0003325 5.3634e-11 1.9200e-13
3.2619925 0.0003325 5.3609e-11 1.9200e-13
3.2626575 0.0003325 5.2030e-11 1.9200e-13
3.2633225 0.0003325 5.2332e-11 1.9200e-13
3.2639875 0.0003325 5.4483e-11 1.9200e-13
3.2646525 0.0003325 5.3679e-11 1.9200e-13
3.2653175 0.0003325 5.2701e-11 1.9200e-13
3.2659825 0.0003325 5.2437e-11 1.9200e-13
3.2666475 0.0003325 5.3309e-11 1.9200e-13
3.2673125 0.0003325 5.3738e-11 1.9200e-13
3.2679775 0.0003325 5.1941e-11 1.9200e-13
3.2686425 0.0003325 5.1604e-11 1.9200e-13
3.2693075 0.0003325 5.2306e-11 1.9200e-13
3.2699725 0.0003325 5.2586e-11 1.9200e-13
3.2706375 0.0003325 5.2851e-11 1.9200e-13
3.2713025 0.0003325 5.2427e-11 1.9200e-13
3.2719675 0.0003325 5.2474e-11 1.9200e-13
3.2726325 0.0003325 5.3101e-11 1.9200e-13
3.2732975 0.0003325 5.3087e-11 1.9200e-13
3.2739625 0.0003325 5.2136e-11 1.9200e-13
3.2746275 0.0003325 5.3234e-11 1.9200e-13
3.2752925 0.0003325 5.3409e-11 1.9200e-13
3.2759575 0.0003325 5.3330e-11 1.9200e-13
3.2766225 0.0003325 5.2424e-11 1.9200e-13
3.2772875 0.0003325 5.2411e-11 1.9200e-13
3.2779525 0.0003325 5.2639e-11 1.9200e-13
3.2786175 0.0003325 5.3338e-11 1.9200e-13
3.2792825 0.0003325 5.2174e-11 1.9200e-13
3.2799475 0.0003325 5.1252e-11 1.9200e-13
3.2806125 0.0003325 5.0812e-11 1.9200e-13
3.2812775 0.0003325 5.1819e-11 1.9200e-13
3.2819425 0.0003325 5.2341e-11 1.9200e-13
3.2826075 0.0003325 5.2990e-11 1.9200e-13
3.2832725 0.0003325 5.3457e-11 1.9200e-13
3.2839375 0.0003325 5.3871e-11 1.9200e-13
3.2846025 0.0003325 5.4273e-11 1.9200e-13
3.2852675 0.0003325 5.2545e-11 1.9200e-13
3.2859325 0.0003325 5.2298e-11 1.9200e-13
3.2865975 0.0003325 5.1688e-11 1.9200e-13
3.2872625 0.0003325 5.1615e-11 1.9200e-13
3.2879275 0.0003325 5.1577e-11 1.9200e-13
3.2885925 0.0003325 5.2146e-11 1.9200e-13
3.2892575 0.0003325 5.4033e-11 1.9200e-13
3.2899225 0.0003325 5.4296e-11 1.9200e-13
3.2905875 0.0003325 5.2709e-11 1.9200e-13
3.2912525 0.0003325 5.1643e-11 1.9200e-13
3.2919175 0.0003325 5.2404e-11 1.9200e-13
3.2925825 0.0003325 5.2912e-11 1.9200e-13
3.2932475 0.0003325 5.1971e-11 1.9200e-13
3.2939125 0.0003325 5.0985e-11 1.9200e-13
3.2945775 0.0003325 5.2046e-11 1.9200e-13
3.2952425 0.0003325 5.3341e-11 1.9200e-13
3.2959075 0.0003325 5.4304e-11 1.9200e-13
3.2965725 0.0003325 5.4932e-11 1.9200e-13
3.2972375 0.0003325 5.2926e-11 1.9200e-13
3.2979025 0.0003325 5.2030e-11 1.9200e-13
3.2985675 0.0003325 5.1954e-11 1.9200e-13
3.2992325 0.0003325 5.2712e-11 1.9200e-13
3.2998975 0.0003325 5.2748e-11 1.9200e-13
3.3005625 0.0003325 5.2406e-11 1.9200e-13
3.3012275 0.0003325 5.2627e-11 1.9200e-13
3.3018925 0.0003325 5.3417e-11 1.9200e-13
3.3025575 0.0003325 5.3666e-11 1.9200e-13
3.3032225 0.0003325 5.2866e-11 1.9200e-13
3.3038875 0.0003325 5.2863e-11 1.9200e-13
3.3045525 0.0003325 5.3587e-11 1.9200e-13
3.3052175 0.0003325 5.2995e-11 1.9200e-13
3.3058825 0.0003325 5.2813e-11 1.9200e-13
3.3065475 0.0003325 5.2407e-11 1.9200e-13
3.3072125 0.0003325 5.2614e-11 1.9200e-13
3.3078775 0.0003325 5.2422e-11 1.9200e-13
3.3085425 0.0003325 5.1501e-11 1.9200e-13
3.3092075 0.0003325 5.1992e-11 1.9200e-13
3.3098725 0.0003325 5.2636e-11 1.9200e-13
3.3105375 0.0003325 5.2923e-11 1.9200e-13
3.3112025 0.0003325 5.2427e-11 1.9200e-13
3.3118675 0.0003325 5.1174e-11 1.9200e-13
3.3125325 0.0003325 5.1771e-11 1.9200e-13
3.3131975 0.0003325 5.2541e-11 1.9200e-13
3.3138625 0.0003325 5.3340e-11 1.9200e-13
3.3145275 0.0003325 5.2865e-11 1.9200e-13
3.3151925 0.0003325 5.2130e-11 1.9200e-13
3.3158575 0.0003325 5.2349e-11 1.9200e-13
3.3165225 0.0003325 5.3003e-11 1.9200e-13
3.3171875 0.0003325 5.2598e-11 1.9200e-13
3.3178525 0.0003325 5.2941e-11 1.9200e-13
3.3185175 0.0003325 5.2189e-11 1.9200e-13
3.3191825 0.0003325 5.0615e-11 1.9200e-13
3.3198475 0.0003325 5.0066e-11 1.9200e-13
3.3205125 0.0003325 4.9903e-11 1.9200e-13
3.3211775 0.0003325 4.9103e-11 1.9200e-13
3.3218425 0.0003325 5.0198e-11 1.9200e-13
3.3225075 0.0003325 5.1127e-11 1.9200e-13
3.3231725 0.0003325 5.2917e-11 1.9200e-13
3.3238375 0.0003325 5.3459e-11 1.9200e-13
3.3245025 0.0003325 5.4211e-11 1.9200e-13
3.3251675 0.0003325 5.4067e-11 1.9200e-13
3.3258325 0.0003325 5.3344e-11 1.9200e-13
3.3264975 0.0003325 5.2388e-11 1.9200e-13
3.3271625 0.0003325 5.1014e-11 1.9200e-13
3.3278275 0.0003325 5.0770e-11 1.9200e-13
3.3284925 0.0003325 5.1098e-11 1.9200e-13
3.3291575 0.0003325 5.1498e-11 1.9200e-13
3.3298225 0.0003325 5.3265e-11 1.9200e-13
3.3304875 0.0003325 5.3792e-11 1.9200e-13
3.3311525 0.0003325 5.3294e-11 1.9200e-13
3.3318175 0.0003325 5.3045e-11 1.9200e-13
3.3324825 0.0003325 5.3240e-11 1.9200e-13
3.3331475 0.0003325 5.2305e-11 1.9200e-13
3.3338125 0.0003325 5.2788e-11 1.9200e-13
3.3344775 0.0003325 5.3245e-11 1.9200e-13
3.3351425 0.0003325 5.2912e-11 1.9200e-13
3.3358075 0.0003325 5.2719e-11 1.9200e-13
3.3364725 0.0003325 5.1947e-11 1.9200e-13
3.3371375 0.0003325 5.1736e-11 1.9200e-13
3.3378025 0.0003325 5.1925e-11 1.9200e-13
3.3384675 0.0003325 5.1642e-11 1.9200e-13
3.3391325 0.0003325 5.1158e-11 1.9200e-13
3.3397975 0.0003325 5.0833e-11 1.9200e-13
3.3404625 0.0003325 5.1926e-11 1.9200e-13
3.3411275 0.0003325 5.2215e-11 1.9200e-13
3.3417925 0.0003325 5.2493e-11 1.9200e-13
3.3424575 0.0003325 5.1993e-11 1.9200e-13
3.3431225 0.0003325 5.1993e-11 1.9200e-13
3.3437875 0.0003325 5.3101e-11 1.9200e-13
3.3444525 0.0003325 5.2224e-11 1.9200e-13
3.3451175 0.0003325 5.1101e-11 1.9200e-13
3.3457825 0.0003325 5.0226e-11 1.9200e-13
3.3464475 0.0003325 5.0349e-11 1.9200e-13
3.3471125 0.0003325 5.0250e-11 1.9200e-13
3.3477775 0.0003325 5.0813e-11 1.9200e-13
3.3484425 0.0003325 5.1691e-11 1.9200e-13
3.3491075 0.0003325 5.2331e-11 1.9200e-13
3.3497725 0.0003325 5.2831e-11 1.9200e-13
3.3504375 0.0003325 5.3170e-11 1.9200e-13
3.3511025 0.0003325 5.3010e-11 1.9200e-13
3.3517675 0.0003325 5.3329e-11 1.9200e-13
3.3524325 0.0003325 5.3218e-11 1.9200e-13
3.3530975 0.0003325 5.2568e-11 1.9200e-13
3.3537625 0.0003325 5.2651e-11 1.9200e-13
3.3544275 0.0003325 5.0316e-11 1.9200e-13
3.3550925 0.0003325 4.9449e-11 1.9200e-13
3.3557575 0.0003325 5.0246e-11 1.9200e-13
3.3564225 0.0003325 5.0789e-11 1.9200e-13
3.3570875 0.0003325 5.0185e-11 1.9200e-13
3.3577525 0.0003325 5.0400e-11 1.9200e-13
3.3584175 0.0003325 5.0805e-11 1.9200e-13
3.3590825 0.0003325 5.2928e-11 1.9200e-13
3.3597475 0.0003325 5.4246e-11 1.9200e-13
3.3604125 0.0003325 5.2795e-11 1.9200e-13
3.3610775 0.0003325 5.0889e-11 1.9200e-13
3.3617425 0.0003325 5.0904e-11 1.9200e-13
3.3624075 0.0003325 5.1409e-11 1.9200e-13
3.3630725 0.0003325 5.0613e-11 1.9200e-13
3.3637375 0.0003325 5.0697e-11 1.9200e-13
3.3644025 0.0003325 5.0639e-11 1.9200e-13
3.3650675 0.0003325 5.1868e-11 1.9200e-13
3.3657325 0.0003325 5.3136e-11 1.9200e-13
3.3663975 0.0003325 5.2807e-11 1.9200e-13
3.3670625 0.0003325 5.3078e-11 1.9200e-13
3.3677275 0.0003325 5.2349e-11 1.9200e-13
3.3683925 0.0003325 5.1651e-11 1.9200e-13
3.3690575 0.0003325 5.1648e-11 1.9200e-13
3.3697225 0.0003325 5.1595e-11 1.9200e-13
3.3703875 0.0003325 5.2028e-11 1.9200e-13
3.3710525 0.0003325 5.1586e-11 1.9200e-13
3.3717175 0.0003325 5.0608e-11 1.9200e-13
3.3723825 0.0003325 5.0450e-11 1.9200e-13
3.3730475 0.0003325 5.1585e-11 1.9200e-13
3.3737125 0.0003325 5.1072e-11 1.9200e-13
3.3743775 0.0003325 5.1431e-11 1.9200e-13
3.3750425 0.0003325 5.1857e-11 1.9200e-13
3.3757075 0.0003325 5.1985e-11 1.9200e-13
3.3763725 0.0003325 5.1350e-11 1.9200e-13
3.3770375 0.0003325 5.0499e-11 1.9200e-13
3.3777025 0.0003325 5.0095e-11 1.9200e-13
3.3783675 0.0003325 5.0868e-11 1.9200e-13
3.3790325 0.0003325 5.1859e-11 1.9200e-13
3.3796975 0.0003325 5.1671e-11 1.9200e-13
3.3803625 0.0003325 5.2611e-11 1.9200e-13
3.3810275 0.0003325 5.3370e-11 1.9200e-13
3.3816925 0.0003325 5.0816e-11 1.9200e-13
3.3823575 0.0003325 5.1404e-11 1.9200e-13
3.3830225 0.0003325 5.2316e-11 1.9200e-13
3.3836875 0.0003325 5.0917e-11 1.9200e-13
3.3843525 0.0003325 5.0626e-11 1.9200e-13
3.3850175 0.0003325 5.0120e-11 1.9200e-13
3.3856825 0.0003325 4.8905e-11 1.9200e-13
3.3863475 0.0003325 4.9736e-11 1.9200e-13
3.3870125 0.0003325 5.1643e-11 1.9200e-13
3.3876775 0.0003325 5.2269e-11 1.9200e-13
3.3883425 0.0003325 5.1830e-11 1.9200e-13
3.3890075 0.0003325 5.1020e-11 1.9200e-13
3.3896725 0.0003325 5.1663e-11 1.9200e-13
3.3903375 0.0003325 5.2477e-11 1.9200e-13
3.3910025 0.0003325 5.3632e-11 1.9200e-13
3.3916675 0.0003325 5.3205e-11 1.9200e-13
3.3923325 0.0003325 5.2825e-11 1.9200e-13
3.3929975 0.0003325 5.2477e-11 1.9200e-13
3.3936625 0.0003325 5.1228e-11 1.9200e-13
3.3943275 0.0003325 5.1660e-11 1.9200e-13
3.3949925 0.0003325 5.1619e-11 1.9200e-13
3.3956575 0.0003325 5.1597e-11 1.9200e-13
3.3963225 0.0003325 5.0337e-11 1.9200e-13
3.3969875 0.0003325 5.1345e-11 1.9200e-13
3.3976525 0.0003325 5.2888e-11 1.9200e-13
3.3983175 0.0003325 5.2490e-11 1.9200e-13
3.3989825 0.0003325 5.1494e-11 1.9200e-13
3.3996475 0.0003325 5.1573e-11 1.9200e-13
3.4003125 0.0003325 5.1205e-11 1.9200e-13
3.4009775 0.0003325 4.9896e-11 1.9200e-13
3.4016425 0.0003325 5.0672e-11 1.9200e-13
3.4023075 0.0003325 5.0786e-11 1.9200e-13
3.4029725 0.0003325 5.0638e-11 1.9200e-13
3.4036375 0.0003325 5.0773e-11 1.9200e-13
3.4043025 0.0003325 5.1400e-11 1.9200e-13
3.4049675 0.0003325 5.1435e-11 1.9200e-13
3.4056325 0.0003325 5.1392e-11 1.9200e-13
3.4062975 0.0003325 5.1937e-11 1.9200e-13
3.4069625 0.0003325 5.3510e-11 1.9200e-13
3.4076275 0.0003325 5.2747e-11 1.9200e-13
3.4082925 0.0003325 5.0203e-11 1.9200e-13
3.4089575 0.0003325 4.9507e-11 1.9200e-13
3.4096225 0.0003325 5.0116e-11 1.9200e-13
3.4102875 0.0003325 5.1776e-11 1.9200e-13
3.4109525 0.0003325 5.2038e-11 1.9200e-13
3.4116175 0.0003325 5.1260e-11 1.9200e-13
3.4122825 0.0003325 5.0034e-11 1.9200e-13
3.4129475 0.0003325 5.0584e-11 1.9200e-13
3.4136125 0.0003325 5.0817e-11 1.9200e-13
3.4142775 0.0003325 5.0603e-11 1.9200e-13
3.4149425 0.0003325 5.0115e-11 1.9200e-13
3.4156075 0.0003325 5.0670e-11 1.9200e-13
3.4162725 0.0003325 5.0603e-11 1.9200e-13
3.4169375 0.0003325 5.0397e-11 1.9200e-13
3.4176025 0.0003325 4.9818e-11 1.9200e-13
3.4182675 0.0003325 4.9661e-11 1.9200e-13
3.4189325 0.0003325 4.9949e-11 1.9200e-13
3.4195975 0.0003325 5.0258e-11 1.9200e-13
3.4202625 0.0003325 5.0804e-11 1.9200e-13
3.4209275 0.0003325 5.0638e-11 1.9200e-13
3.4215925 0.0003325 5.1038e-11 1.9200e-13
3.4222575 0.0003325 5.0278e-11 1.9200e-13
3.4229225 0.0003325 5.0715e-11 1.9200e-13
3.4235875 0.0003325 5.1268e-11 1.9200e-13
3.4242525 0.0003325 5.1107e-11 1.9200e-13
3.4249175 0.0003325 5.1149e-11 1.9200e-13
3.4255825 0.0003325 5.0860e-11 1.9200e-13
3.4262475 0.0003325 5.1285e-11 1.9200e-13
3.4269125 0.0003325 5.2053e-11 1.9200e-13
3.4275775 0.0003325 5.0779e-11 1.9200e-13
3.4282425 0.0003325 4.9886e-11 1.9200e-13
3.4289075 0.0003325 5.0052e-11 1.9200e-13
3.4295725 0.0003325 5.0585e-11 1.9200e-13
3.4302375 0.0003325 5.0340e-11 1.9200e-13
3.4309025 0.0003325 5.0460e-11 1.9200e-13
3.4315675 0.0003325 5.1330e-11 1.9200e-13
3.4322325 0.0003325 5.2375e-11 1.9200e-13
3.4328975 0.0003325 5.2279e-11 1.9200e-13
3.4335625 0.0003325 5.0956e-11 1.9200e-13
3.4342275 0.0003325 4.9078e-11 1.9200e-13
3.4348925 0.0003325 4.9167e-11 1.9200e-13
3.4355575 0.0003325 5.0834e-11 1.9200e-13
3.4362225 0.0003325 5.0469e-11 1.9200e-13
3.4368875 0.0003325 5.0355e-11 1.9200e-13
3.4375525 0.0003325 5.0801e-11 1.9200e-13
3.4382175 0.0003325 5.0988e-11 1.9200e-13
3.4388825 0.0003325 5.2330e-11 1.9200e-13
3.4395475 0.0003325 5.1793e-11 1.9200e-13
3.4402125 0.0003325 5.0479e-11 1.9200e-13
3.4408775 0.0003325 5.0104e-11 1.9200e-13
3.4415425 0.0003325 5.1217e-11 1.9200e-13
3.4422075 0.0003325 5.1195e-11 1.9200e-13
3.4428725 0.0003325 4.9495e-11 1.9200e-13
3.4435375 0.0003325 4.9384e-11 1.9200e-13
3.4442025 0.0003325 5.0334e-11 1.9200e-13
3.4448675 0.0003325 5.0683e-11 1.9200e-13
3.4455325 0.0003325 4.9796e-11 1.9200e-13
3.4461975 0.0003325 4.9226e-11 1.9200e-13
3.4468625 0.0003325 4.9950e-11 1.9200e-13
3.4475275 0.0003325 5.1951e-11 1.9200e-13
3.4481925 0.0003325 5.1340e-11 1.9200e-13
3.4488575 0.0003325 5.0971e-11 1.9200e-13
3.4495225 0.0003325 5.2395e-11 1.9200e-13
3.4501875 0.0003325 5.2934e-11 1.9200e-13
3.4508525 0.0003325 5.2084e-11 1.9200e-13
3.4515175 0.0003325 5.1221e-11 1.9200e-13
3.4521825 0.0003325 5.0317e-11 1.9200e-13
3.4528475 0.0003325 5.0485e-11 1.9200e-13
3.4535125 0.0003325 5.1103e-11 1.9200e-13
3.4541775 0.0003325 5.2021e-11 1.9200e-13
3.4548425 0.0003325 5.2206e-11 1.9200e-13
3.4555075 0.0003325 5.0947e-11 1.9200e-13
3.4561725 0.0003325 4.9232e-11 1.9200e-13
3.4568375 0.0003325 4.9694e-11 1.9200e-13
3.4575025 0.0003325 4.9432e-11 1.9200e-13
3.4581675 0.0003325 4.9424e-11 1.9200e-13
3.4588325 0.0003325 4.9352e-11 1.9200e-13
3.4594975 0.0003325 4.9464e-11 1.9200e-13
3.4601625 0.0003325 5.0377e-11 1.9200e-13
3.4608275 0.0003325 5.1400e-11 1.9200e-13
3.4614925 0.0003325 5.1427e-11 1.9200e-13
3.4621575 0.0003325 5.0420e-11 1.9200e-13
3.4628225 0.0003325 5.0158e-11 1.9200e-13
3.4634875 0.0003325 5.1050e-11 1.9200e-13
3.4641525 0.0003325 5.2071e-11 1.9200e-13
3.4648175 0.0003325 5.0161e-11 1.9200e-13
3.4654825 0.0003325 4.9349e-11 1.9200e-13
3.4661475 0.0003325 5.0129e-11 1.9200e-13
3.4668125 0.0003325 4.9848e-11 1.9200e-13
3.4674775 0.0003325 4.9902e-11 1.9200e-13
3.4681425 0.0003325 4.9360e-11 1.9200e-13
3.4688075 0.0003325 5.0411e-11 1.9200e-13
3.4694725 0.0003325 5.0556e-11 1.9200e-13
3.4701375 0.0003325 5.1061e-11 1.9200e-13
3.4708025 0.0003325 5.0424e-11 1.9200e-13
3.4714675 0.0003325 5.0516e-11 1.9200e-13
3.4721325 0.0003325 5.2004e-11 1.9200e-13
3.4727975 0.0003325 5.2975e-11 1.9200e-13
3.4734625 0.0003325 5.2052e-11 1.9200e-13
3.4741275 0.0003325 5.0166e-11 1.9200e-13
3.4747925 0.0003325 4.9060e-11 1.9200e-13
3.4754575 0.0003325 4.9667e-11 1.9200e-13
3.4761225 0.0003325 5.1529e-11 1.9200e-13
3.4767875 0.0003325 5.1019e-11 1.9200e-13
3.4774525 0.0003325 5.0043e-11 1.9200e-13
3.4781175 0.0003325 4.8651e-11 1.9200e-13
3.4787825 0.0003325 4.9393e-11 1.9200e-13
3.4794475 0.0003325 5.1275e-11 1.9200e-13
3.4801125 0.0003325 5.1050e-11 1.9200e-13
3.4807775 0.0003325 4.9243e-11 1.9200e-13
3.4814425 0.0003325 4.8757e-11 1.9200e-13
3.4821075 0.0003325 4.9232e-11 1.9200e-13
3.4827725 0.0003325 4.9785e-11 1.9200e-13
3.4834375 0.0003325 5.0202e-11 1.9200e-13
3.4841025 0.0003325 5.0600e-11 1.9200e-13
3.4847675 0.0003325 5.0079e-11 1.9200e-13
3.4854325 0.0003325 5.0780e-11 1.9200e-13
3.4860975 0.0003325 5.0827e-11 1.9200e-13
3.4867625 0.0003325 4.9950e-11 1.9200e-13
3.4874275 0.0003325 4.9128e-11 1.9200e-13
3.4880925 0.0003325 4.9577e-11 1.9200e-13
3.4887575 0.0003325 5.0670e-11 1.9200e-13
3.4894225 0.0003325 5.0852e-11 1.9200e-13
3.4900875 0.0003325 4.9197e-11 1.9787e-13
3.4907525 0.0003325 4.9171e-11 1.9200e-13
3.4914175 0.0003325 4.8991e-11 1.9200e-13
3.4920825 0.0003325 4.8539e-11 1.9200e-13
3.4927475 0.0003325 4.8645e-11 1.9200e-13
3.4934125 0.0003325 4.9663e-11 1.9200e-13
3.4940775 0.0003325 5.0021e-11 1.9200e-13
3.4947425 0.0003325 4.9763e-11 1.9200e-13
3.4954075 0.0003325 5.1023e-11 1.9200e-13
3.4960725 0.0003325 5.1681e-11 1.9200e-13
3.4967375 0.0003325 5.1407e-11 1.9200e-13
3.4974025 0.0003325 5.0407e-11 1.9200e-13
3.4980675 0.0003325 4.9139e-11 1.9200e-13
3.4987325 0.0003325 4.7998e-11 1.9200e-13
3.4993975 0.0003325 4.7711e-11 1.9200e-13
3.5000625 0.0003325 4.8030e-11 1.9200e-13
3.5007275 0.0003325 4.9148e-11 1.9200e-13
3.5013925 0.0003325 5.0166e-11 1.9200e-13
3.5020575 0.0003325 5.1769e-11 1.9200e-13
3.5027225 0.0003325 5.2644e-11 1.9200e-13
3.5033875 0.0003325 5.2660e-11 1.9200e-13
3.5040525 0.0003325 5.1667e-11 1.9200e-13
3.5047175 0.0003325 4.9877e-11 1.9200e-13
3.5053825 0.0003325 5.0057e-11 1.9200e-13
3.5060475 0.0003325 5.0856e-11 1.9200e-13
3.5067125 0.0003325 5.1315e-11 1.9200e-13
3.5073775 0.0003325 5.0380e-11 1.9200e-13
3.5080425 0.0003325 4.9337e-11 1.9200e-13
3.5087075 0.0003325 4.9790e-11 1.9200e-13
3.5093725 0.0003325 5.0312e-11 1.9200e-13
3.5100375 0.0003325 5.0255e-11 1.9200e-13
3.5107025 0.0003325 4.9175e-11 1.9200e-13
3.5113675 0.0003325 4.8906e-11 1.9200e-13
3.5120325 0.0003325 4.9578e-11 1.9200e-13
3.5126975 0.0003325 5.1014e-11 1.9200e-13
3.5133625 0.0003325 5.0703e-11 1.9200e-13
3.5140275 0.0003325 4.9290e-11 1.9200e-13
3.5146925 0.0003325 5.0262e-11 1.9200e-13
3.5153575 0.0003325 5.0306e-11 1.9200e-13
3.5160225 0.0003325 5.0708e-11 1.9200e-13
3.5166875 0.0003325 5.0299e-11 1.9200e-13
3.5173525 0.0003325 4.9131e-11 1.9200e-13
3.5180175 0.0003325 4.9831e-11 1.9200e-13
3.5186825 0.0003325 4.8551e-11 1.9200e-13
3.5193475 0.0003325 4.8561e-11 1.9200e-13
3.5200125 0.0003325 4.8966e-11 1.9200e-13
3.5206775 0.0003325 4.8859e-11 1.9200e-13
3.5213425 0.0003325 4.9373e-11 1.9200e-13
3.5220075 0.0003325 5.0276e-11 1.9200e-13
3.5226725 0.0003325 4.9820e-11 1.9200e-13
3.5233375 0.0003325 4.9942e-11 1.9200e-13
3.5240025 0.0003325 5.0422e-11 1.9200e-13
3.5246675 0.0003325 4.9592e-11 1.9200e-13
3.5253325 0.0003325 4.9748e-11 1.9200e-13
3.5259975 0.0003325 4.9871e-11 1.9200e-13
3.5266625 0.0003325 4.9566e-11 1.9200e-13
3.5273275 0.0003325 4.9707e-11 1.9200e-13
3.5279925 0.0003325 4.8937e-11 1.9200e-13
3.5286575 0.0003325 4.8529e-11 1.9200e-13
3.5293225 0.0003325 4.8666e-11 1.9200e-13
3.5299875 0.0003325 5.0241e-11 1.9200e-13
3.5306525 0.0003325 5.0951e-11 1.9200e-13
3.5313175 0.0003325 5.1053e-11 1.9200e-13
3.5319825 0.0003325 5.0524e-11 1.9200e-13
3.5326475 0.0003325 5.0777e-11 1.9200e-13
3.5333125 0.0003325 5.1198e-11 1.9200e-13
3.5339775 0.0003325 5.0271e-11 1.9200e-13
3.5346425 0.0003325 5.0203e-11 1.9200e-13
3.5353075 0.0003325 5.0492e-11 1.9200e-13
3.5359725 0.0003325 5.0459e-11 1.9200e-13
3.5366375 0.0003325 4.9427e-11 1.9200e-13
3.5373025 0.0003325 4.9027e-11 1.9200e-13
3.5379675 0.0003325 4.8625e-11 1.9200e-13
3.5386325 0.0003325 4.9986e-11 1.9200e-13
3.5392975 0.0003325 5.0806e-11 1.9200e-13
3.5399625 0.0003325 5.0125e-11 1.9200e-13
3.5406275 0.0003325 5.0670e-11 1.9200e-13
3.5412925 0.0003325 5.0266e-11 1.9200e-13
3.5419575 0.0003325 5.0276e-11 1.9200e-13
3.5426225 0.0003325 5.1522e-11 1.9200e-13
3.5432875 0.0003325 5.0964e-11 1.9200e-13
3.5439525 0.0003325 4.7451e-11 1.9200e-13
3.5446175 0.0003325 4.6969e-11 1.9200e-13
3.5452825 0.0003325 4.8516e-11 1.9200e-13
3.5459475 0.0003325 4.9098e-11 1.9200e-13
3.5466125 0.0003325 5.0633e-11 1.9200e-13
3.5472775 0.0003325 5.0499e-11 1.9200e-13
3.5479425 0.0003325 5.0719e-11 1.9200e-13
3.5486075 0.0003325 5.1972e-11 1.9200e-13
3.5492725 0.0003325 5.1865e-11 1.9200e-13
3.5499375 0.0003325 4.9907e-11 1.9200e-13
3.5506025 0.0003325 4.9013e-11 1.9200e-13
3.5512675 0.0003325 4.9400e-11 1.9200e-13
3.5519325 0.0003325 5.0211e-11 1.9200e-13
3.5525975 0.0003325 4.9810e-11 1.9200e-13
3.5532625 0.0003325 4.9723e-11 1.9200e-13
3.5539275 0.0003325 4.9567e-11 1.9200e-13
3.5545925 0.0003325 4.9130e-11 1.9200e-13
3.5552575 0.0003325 4.9138e-11 1.9200e-13
3.5559225 0.0003325 4.9508e-11 1.9200e-13
3.5565875 0.0003325 4.9207e-11 1.9200e-13
3.5572525 0.0003325 4.8906e-11 1.9200e-13
3.5579175 0.0003325 4.9863e-11 1.9200e-13
3.5585825 0.0003325 5.0018e-11 1.9200e-13
3.5592475 0.0003325 4.9983e-11 1.9200e-13
3.5599125 0.0003325 4.9075e-11 1.9985e-13
3.5605775 0.0003325 4.8755e-11 1.9200e-13
3.5612425 0.0003325 4.8083e-11 1.9200e-13
3.5619075 0.0003325 4.7997e-11 1.9200e-13
3.5625725 0.0003325 4.9571e-11 1.9200e-13
3.5632375 0.0003325 5.0133e-11 1.9200e-13
3.5639025 0.0003325 4.9477e-11 1.9200e-13
3.5645675 0.0003325 4.8358e-11 1.9200e-13
3.5652325 0.0003325 4.9585e-11 1.9200e-13
3.5658975 0.0003325 5.0444e-11 1.9200e-13
3.5665625 0.0003325 5.0903e-11 1.9200e-13
3.5672275 0.0003325 5.0337e-11 1.9200e-13
3.5678925 0.0003325 4.8591e-11 1.9200e-13
3.5685575 0.0003325 4.6885e-11 1.9200e-13
3.5692225 0.0003325 4.9281e-11 1.9200e-13
3.5698875 0.0003325 4.9115e-11 1.9200e-13
3.5705525 0.0003325 4.8162e-11 1.9200e-13
3.5712175 0.0003325 4.8761e-11 1.9200e-13
3.5718825 0.0003325 4.9369e-11 1.9200e-13
3.5725475 0.0003325 4.9653e-11 1.9200e-13
3.5732125 0.0003325 4.9712e-11 1.9200e-13
3.5738775 0.0003325 5.0833e-11 1.9200e-13
3.5745425 0.0003325 5.0931e-11 1.9200e-13
3.5752075 0.0003325 4.9514e-11 1.9200e-13
3.5758725 0.0003325 4.9107e-11 1.9200e-13
3.5765375 0.0003325 4.8773e-11 1.9200e-13
3.5772025 0.0003325 4.8899e-11 1.9200e-13
3.5778675 0.0003325 4.9253e-11 1.9200e-13
3.5785325 0.0003325 4.8475e-11 1.9200e-13
3.5791975 0.0003325 4.8779e-11 1.9200e-13
3.5798625 0.0003325 4.9962e-11 1.9200e-13
3.5805275 0.0003325 5.0212e-11 1.9200e-13
3.5811925 0.0003325 4.9671e-11 1.9200e-13
3.5818575 0.0003325 4.8607e-11 1.9200e-13
3.5825225 0.0003325 4.8775e-11 1.9200e-13
3.5831875 0.0003325 4.9721e-11 1.9200e-13
3.5838525 0.0003325 4.8713e-11 1.9200e-13
3.5845175 0.0003325 4.9121e-11 1.9200e-13
3.5851825 0.0003325 5.0711e-11 1.9200e-13
3.5858475 0.0003325 5.0033e-11 1.9200e-13
3.5865125 0.0003325 4.8836e-11 1.9200e-13
3.5871775 0.0003325 4.8736e-11 1.9200e-13
3.5878425 0.0003325 4.9228e-11 1.9200e-13
3.5885075 0.0003325 5.0090e-11 1.9200e-13
3.5891725 0.0003325 5.0274e-11 1.9962e-13
3.5898375 0.0003325 5.0116e-11 1.9200e-13
3.5905025 0.0003325 4.9792e-11 1.9200e-13
3.5911675 0.0003325 5.0161e-11 1.9200e-13
3.5918325 0.0003325 4.9556e-11 1.9200e-13
3.5924975 0.0003325 4.9503e-11 1.9200e-13
3.5931625 0.0003325 4.9323e-11 1.9200e-13
3.5938275 0.0003325 4.8981e-11 1.9200e-13
3.5944925 0.0003325 4.8836e-11 1.9200e-13
3.5951575 0.0003325 4.8520e-11 1.9200e-13
3.5958225 0.0003325 4.9199e-11 1.9533e-13
3.5964875 0.0003325 4.9371e-11 1.9200e-13
3.5971525 0.0003325 4.8013e-11 1.9200e-13
3.5978175 0.0003325 4.7965e-11 1.9815e-13
3.5984825 0.0003325 4.8720e-11 1.9843e-13
3.5991475 0.0003325 4.9568e-11 1.9865e-13
3.5998125 0.0003325 4.9049e-11 1.9200e-13
3.6004775 0.0003325 4.7631e-11 1.9908e-13
3.6011425 0.0003325 4.7396e-11 1.9358e-13
3.6018075 0.0003325 4.7357e-11 1.9123e-13
3.6024725 0.0003325 4.7733e-11 1.9314e-13
3.6031375 0.0003325 4.7821e-11 1.9620e-13
3.6038025 0.0003325 4.8883e-11 1.9200e-13
3.6044675 0.0003325 5.0055e-11 1.9683e-13
3.6051325 0.0003325 4.9469e-11 1.9200e-13
3.6057975 0.0003325 5.0083e-11 1.9200e-13
3.6064625 0.0003325 5.0641e-11 1.9200e-13
3.6071275 0.0003325 5.0378e-11 1.9200e-13
3.6077925 0.0003325 5.0486e-11 1.9200e-13
3.6084575 0.0003325 4.9769e-11 1.9966e-13
3.6091225 0.0003325 4.9145e-11 1.9999e-13
3.6097875 0.0003325 5.0783e-11 1.9200e-13
3.6104525 0.0003325 4.9959e-11 1.9200e-13
3.6111175 0.0003325 4.9742e-11 1.9200e-13
3.6117825 0.0003325 4.8689e-11 1.9200e-13
3.6124475 0.0003325 4.7924e-11 1.9200e-13
3.6131125 0.0003325 4.7524e-11 1.9200e-13
3.6137775 0.0003325 4.6591e-11 1.9200e-13
3.6144425 0.0003325 4.6325e-11 1.9200e-13
3.6151075 0.0003325 4.8294e-11 1.9200e-13
3.6157725 0.0003325 4.9061e-11 1.9200e-13
3.6164375 0.0003325 4.8400e-11 1.9200e-13
3.6171025 0.0003325 4.7769e-11 1.9200e-13
3.6177675 0.0003325 4.8967e-11 1.9200e-13
3.6184325 0.0003325 4.9703e-11 1.9200e-13
3.6190975 0.0003325 4.9867e-11 1.9200e-13
3.6197625 0.0003325 5.0132e-11 1.9200e-13
3.6204275 0.0003325 4.9844e-11 1.9200e-13
3.6210925 0.0003325 4.9014e-11 1.9836e-13
3.6217575 0.0003325 4.7844e-11 1.9200e-13
3.6224225 0.0003325 4.7539e-11 1.9957e-13
3.6230875 0.0003325 4.8105e-11 1.9783e-13
3.6237525 0.0003325 4.7847e-11 1.9449e-13
3.6244175 0.0003325 4.7094e-11 1.9967e-13
3.6250825 0.0003325 4.8691e-11 1.9200e-13
3.6257475 0.0003325 4.8939e-11 1.9858e-13
3.6264125 0.0003325 4.8184e-11 1.9866e-13
3.6270775 0.0003325 4.8842e-11 1.9761e-13
3.6277425 0.0003325 5.0114e-11 1.9836e-13
3.6284075 0.0003325 5.0428e-11 1.9200e-13
3.6290725 0.0003325 5.0319e-11 1.9200e-13
3.6297375 0.0003325 5.0281e-11 1.9200e-13
3.6304025 0.0003325 4.9495e-11 1.9200e-13
3.6310675 0.0003325 4.8385e-11 1.9200e-13
3.6317325 0.0003325 4.8527e-11 1.9200e-13
3.6323975 0.0003325 4.9302e-11 1.9200e-13
3.6330625 0.0003325 4.7929e-11 1.9200e-13
3.6337275 0.0003325 4.8790e-11 1.9200e-13
3.6343925 0.0003325 4.9182e-11 1.9200e-13
3.6350575 0.0003325 4.9807e-11 1.9741e-13
3.6357225 0.0003325 4.8599e-11 1.9977e-13
3.6363875 0.0003325 4.7720e-11 1.9774e-13
3.6370525 0.0003325 4.7257e-11 1.9791e-13
3.6377175 0.0003325 4.7822e-11 1.9827e-13
3.6383825 0.0003325 4.8623e-11 1.9200e-13
3.6390475 0.0003325 4.8792e-11 1.9200e-13
3.6397125 0.0003325 4.8704e-11 1.9200e-13
3.6403775 0.0003325 4.9006e-11 1.9200e-13
3.6410425 0.0003325 4.9053e-11 1.9200e-13
3.6417075 0.0003325 4.8967e-11 1.9200e-13
3.6423725 0.0003325 4.9044e-11 1.9200e-13
3.6430375 0.0003325 4.9465e-11 1.9200e-13
3.6437025 0.0003325 4.9362e-11 1.9200e-13
3.6443675 0.0003325 4.9498e-11 1.9200e-13
3.6450325 0.0003325 4.9978e-11 1.9200e-13
3.6456975 0.0003325 4.9160e-11 1.9200e-13
3.6463625 0.0003325 4.8271e-11 1.9200e-13
3.6470275 0.0003325 4.8527e-11 1.9200e-13
3.6476925 0.0003325 4.8801e-11 1.9200e-13
3.6483575 0.0003325 4.7941e-11 1.9200e-13
3.6490225 0.0003325 4.8237e-11 1.9200e-13
3.6496875 0.0003325 4.8406e-11 1.9200e-13
3.6503525 0.0003325 4.8121e-11 1.9200e-13
3.6510175 0.0003325 4.8265e-11 1.9200e-13
3.6516825 0.0003325 4.7722e-11 1.9200e-13
3.6523475 0.0003325 4.7315e-11 1.9200e-13
3.6530125 0.0003325 4.7203e-11 1.9733e-13
3.6536775 0.0003325 4.8628e-11 1.9200e-13
3.6543425 0.0003325 4.8125e-11 1.9971e-13
3.6550075 0.0003325 4.8144e-11 1.9946e-13
3.6556725 0.0003325 4.8562e-11 1.9200e-13
3.6563375 0.0003325 4.8648e-11 1.9200e-13
3.6570025 0.0003325 4.8221e-11 1.9200e-13
3.6576675 0.0003325 4.8110e-11 1.9200e-13
3.6583325 0.0003325 4.8182e-11 1.9200e-13
3.6589975 0.0003325 4.7351e-11 1.9200e-13
3.6596625 0.0003325 4.7005e-11 1.9200e-13
3.6603275 0.0003325 4.7645e-11 1.9200e-13
3.6609925 0.0003325 4.8829e-11 1.9200e-13
3.6616575 0.0003325 4.9076e-11 1.9200e-13
3.6623225 0.0003325 4.8373e-11 1.9200e-13
3.6629875 0.0003325 4.8243e-11 1.9200e-13
3.6636525 0.0003325 4.7576e-11 1.9200e-13
3.6643175 0.0003325 4.6694e-11 1.9200e-13
3.6649825 0.0003325 4.6698e-11 1.9572e-13
3.6656475 0.0003325 4.8634e-11 1.9200e-13
3.6663125 0.0003325 4.8923e-11 1.9200e-13
3.6669775 0.0003325 4.8919e-11 1.9200e-13
3.6676425 0.0003325 4.9660e-11 1.9200e-13
3.6683075 0.0003325 4.9712e-11 1.9200e-13
3.6689725 0.0003325 4.9009e-11 1.9200e-13
3.6696375 0.0003325 4.9048e-11 1.9200e-13
3.6703025 0.0003325 4.9164e-11 1.9200e-13
3.6709675 0.0003325 4.8965e-11 1.9200e-13
3.6716325 0.0003325 4.8510e-11 1.9200e-13
3.6722975 0.0003325 4.8258e-11 1.9200e-13
3.6729625 0.0003325 4.8225e-11 1.9200e-13
3.6736275 0.0003325 4.7362e-11 1.9200e-13
3.6742925 0.0003325 4.8543e-11 1.9200e-13
3.6749575 0.0003325 4.8781e-11 1.9200e-13
3.6756225 0.0003325 4.7696e-11 1.9200e-13
3.6762875 0.0003325 4.8270e-11 1.9200e-13
3.6769525 0.0003325 4.8359e-11 1.9200e-13
3.6776175 0.0003325 4.8235e-11 1.9200e-13
3.6782825 0.0003325 4.8263e-11 1.9956e-13
3.6789475 0.0003325 4.8326e-11 1.9889e-13
3.6796125 0.0003325 4.8061e-11 1.9654e-13
3.6802775 0.0003325 4.7346e-11 1.9332e-13
3.6809425 0.0003325 4.7751e-11 1.9708e-13
3.6816075 0.0003325 4.8488e-11 1.9200e-13
3.6822725 0.0003325 4.7446e-11 1.9200e-13
3.6829375 0.0003325 4.8240e-11 1.9200e-13
3.6836025 0.0003325 4.7686e-11 1.9200e-13
3.6842675 0.0003325 4.5963e-11 1.9200e-13
3.6849325 0.0003325 4.7254e-11 1.9200e-13
3.6855975 0.0003325 4.9860e-11 1.9200e-13
3.6862625 0.0003325 4.9268e-11 1.9200e-13
3.6869275 0.0003325 4.8965e-11 1.9200e-13
3.6875925 0.0003325 4.8488e-11 1.9200e-13
3.6882575 0.0003325 4.7937e-11 1.9200e-13
3.6889225 0.0003325 4.6831e-11 1.9200e-13
3.6895875 0.0003325 4.6832e-11 1.9200e-13
3.6902525 0.0003325 4.5502e-11 1.9200e-13
3.6909175 0.0003325 4.7996e-11 1.9200e-13
3.6915825 0.0003325 4.7804e-11 1.9200e-13
3.6922475 0.0003325 4.9238e-11 1.9200e-13
3.6929125 0.0003325 4.8597e-11 1.9200e-13
3.6935775 0.0003325 4.6900e-11 1.9200e-13
3.6942425 0.0003325 4.6816e-11 1.9200e-13
3.6949075 0.0003325 4.7076e-11 1.9200e-13
3.6955725 0.0003325 4.7951e-11 1.9200e-13
3.6962375 0.0003325 4.8737e-11 1.9200e-13
3.6969025 0.0003325 4.8697e-11 1.9287e-13
3.6975675 0.0003325 4.9279e-11 1.9739e-13
3.6982325 0.0003325 4.8947e-11 1.9200e-13
3.6988975 0.0003325 4.8761e-11 1.9200e-13
3.6995625 0.0003325 4.7711e-11 1.9200e-13
3.7002275 0.0003325 4.6627e-11 1.9200e-13
3.7008925 0.0003325 4.7237e-11 1.9200e-13
3.7015575 0.0003325 4.8737e-11 1.9200e-13
3.7022225 0.0003325 5.0015e-11 1.9200e-13
3.7028875 0.0003325 4.8671e-11 1.9899e-13
3.7035525 0.0003325 4.7979e-11 1.9200e-13
3.7042175 0.0003325 4.8271e-11 1.9200e-13
3.7048825 0.0003325 4.8590e-11 1.9200e-13
3.7055475 0.0003325 4.8491e-11 1.9200e-13
3.7062125 0.0003325 4.8628e-11 1.9200e-13
3.7068775 0.0003325 4.8751e-11 1.9200e-13
3.7075425 0.0003325 4.7878e-11 1.9629e-13
3.7082075 0.0003325 4.7208e-11 1.9471e-13
3.7088725 0.0003325 4.7165e-11 1.9523e-13
3.7095375 0.0003325 4.7557e-11 1.9478e-13
3.7102025 0.0003325 4.8324e-11 1.9955e-13
3.7108675 0.0003325 4.7733e-11 1.9200e-13
3.7115325 0.0003325 4.9390e-11 1.9200e-13
3.7121975 0.0003325 4.9281e-11 1.9888e-13
3.7128625 0.0003325 4.8287e-11 1.9656e-13
3.7135275 0.0003325 4.7816e-11 1.9679e-13
3.7141925 0.0003325 4.7526e-11 1.9621e-13
3.7148575 0.0003325 4.7819e-11 1.9200e-13
3.7155225 0.0003325 4.7710e-11 1.9200e-13
3.7161875 0.0003325 4.7375e-11 1.9200e-13
3.7168525 0.0003325 4.7274e-11 1.9200e-13
3.7175175 0.0003325 4.7454e-11 1.9200e-13
3.7181825 0.0003325 4.7905e-11 1.9200e-13
3.7188475 0.0003325 4.8019e-11 1.9200e-13
3.7195125 0.0003325 4.8221e-11 1.9994e-13
3.7201775 0.0003325 4.7839e-11 1.9200e-13
3.7208425 0.0003325 4.7875e-11 1.9200e-13
3.7215075 0.0003325 4.7466e-11 1.9200e-13
3.7221725 0.0003325 4.6755e-11 1.9200e-13
3.7228375 0.0003325 4.7596e-11 1.9563e-13
3.7235025 0.0003325 4.8284e-11 1.9200e-13
3.7241675 0.0003325 4.8625e-11 1.9200e-13
3.7248325 0.0003325 4.9824e-11 1.9200e-13
3.7254975 0.0003325 4.8619e-11 1.9200e-13
3.7261625 0.0003325 4.6982e-11 1.9200e-13
3.7268275 0.0003325 4.7863e-11 1.9572e-13
3.7274925 0.0003325 5.0208e-11 1.9595e-13
3.7281575 0.0003325 4.9329e-11 1.9656e-13
3.7288225 0.0003325 4.8752e-11 1.9616e-13
3.7294875 0.0003325 4.9628e-11 1.9934e-13
3.7301525 0.0003325 4.8686e-11 1.9201e-13
3.7308175 0.0003325 4.8189e-11 1.9458e-13
3.7314825 0.0003325 4.8403e-11 1.9773e-13
3.7321475 0.0003325 4.7511e-11 1.9518e-13
3.7328125 0.0003325 4.7311e-11 1.9200e-13
3.7334775 0.0003325 4.6365e-11 1.9200e-13
3.7341425 0.0003325 4.7001e-11 1.9200e-13
3.7348075 0.0003325 4.7572e-11 1.9200e-13
3.7354725 0.0003325 4.7682e-11 1.9200e-13
3.7361375 0.0003325 4.8060e-11 1.9200e-13
3.7368025 0.0003325 4.8683e-11 1.9200e-13
3.7374675 0.0003325 4.7762e-11 1.9869e-13
3.7381325 0.0003325 4.7079e-11 1.9580e-13
3.7387975 0.0003325 4.7517e-11 1.9431e-13
3.7394625 0.0003325 4.9730e-11 1.9200e-13
3.7401275 0.0003325 4.9260e-11 1.9660e-13
3.7407925 0.0003325 4.8679e-11 1.9313e-13
3.7414575 0.0003325 4.7275e-11 1.9532e-13
3.7421225 0.0003325 4.6477e-11 1.9506e-13
3.7427875 0.0003325 4.7437e-11 1.9310e-13
3.7434525 0.0003325 4.7471e-11 1.9256e-13
3.7441175 0.0003325 4.7938e-11 1.9102e-13
3.7447825 0.0003325 4.7503e-11 1.9200e-13
3.7454475 0.0003325 4.7016e-11 1.9200e-13
3.7461125 0.0003325 4.7998e-11 1.9200e-13
3.7467775 0.0003325 4.8539e-11 1.9200e-13
3.7474425 0.0003325 4.8708e-11 1.9200e-13
3.7481075 0.0003325 4.8573e-11 1.9200e-13
3.7487725 0.0003325 4.7870e-11 1.9200e-13
3.7494375 0.0003325 4.7822e-11 1.9200e-13
3.7501025 0.0003325 4.7964e-11 1.9200e-13
3.7507675 0.0003325 4.7924e-11 1.9297e-13
3.7514325 0.0003325 4.8661e-11 1.9524e-13
3.7520975 0.0003325 4.8536e-11 1.9200e-13
3.7527625 0.0003325 4.8336e-11 1.9931e-13
3.7534275 0.0003325 4.7275e-11 1.9437e-13
3.7540925 0.0003325 4.6845e-11 1.9362e-13
3.7547575 0.0003325 4.7627e-11 1.9519e-13
3.7554225 0.0003325 4.7532e-11 1.8993e-13
3.7560875 0.0003325 4.7353e-11 1.9060e-13
3.7567525 0.0003325 4.7131e-11 1.9200e-13
3.7574175 0.0003325 4.7667e-11 1.9200e-13
3.7580825 0.0003325 4.8618e-11 1.9200e-13
3.7587475 0.0003325 4.9468e-11 1.9200e-13
3.7594125 0.0003325 4.8847e-11 1.9526e-13
3.7600775 0.0003325 4.7983e-11 1.8967e-13
3.7607425 0.0003325 4.6812e-11 1.8920e-13
3.7614075 0.0003325 4.6627e-11 1.8917e-13
3.7620725 0.0003325 4.6608e-11 1.9031e-13
3.7627375 0.0003325 4.7032e-11 1.9200e-13
3.7634025 0.0003325 4.6245e-11 1.9200e-13
3.7640675 0.0003325 4.6694e-11 1.9200e-13
3.7647325 0.0003325 4.7333e-11 1.9200e-13
3.7653975 0.0003325 4.7328e-11 1.9200e-13
3.7660625 0.0003325 4.7611e-11 1.9200e-13
3.7667275 0.0003325 4.7888e-11 1.9200e-13
3.7673925 0.0003325 4.8245e-11 1.9333e-13
3.7680575 0.0003325 4.8545e-11 1.9311e-13
3.7687225 0.0003325 4.8901e-11 1.9215e-13
3.7693875 0.0003325 4.7879e-11 1.9055e-13
3.7700525 0.0003325 4.6659e-11 1.9253e-13
3.7707175 0.0003325 4.6283e-11 1.9130e-13
3.7713825 0.0003325 4.6259e-11 1.9176e-13
3.7720475 0.0003325 4.6495e-11 1.9189e-13
3.7727125 0.0003325 4.7035e-11 1.9051e-13
3.7733775 0.0003325 4.6257e-11 1.9200e-13
3.7740425 0.0003325 4.6700e-11 1.9200e-13
3.7747075 0.0003325 4.8433e-11 1.9200e-13
3.7753725 0.0003325 4.9774e-11 1.9200e-13
3.7760375 0.0003325 4.8359e-11 1.9200e-13
3.7767025 0.0003325 4.8642e-11 1.9200e-13
3.7773675 0.0003325 4.9427e-11 1.9200e-13
3.7780325 0.0003325 4.9505e-11 1.9200e-13
3.7786975 0.0003325 4.9504e-11 1.9200e-13
3.7793625 0.0003325 4.8201e-11 1.9200e-13
3.7800275 0.0003325 4.7796e-11 1.8995e-13
3.7806925 0.0003325 4.8049e-11 1.9540e-13
3.7813575 0.0003325 4.8369e-11 1.9826e-13
3.7820225 0.0003325 4.7985e-11 1.9602e-13
3.7826875 0.0003325 4.8387e-11 1.9200e-13
3.7833525 0.0003325 4.9288e-11 1.9793e-13
3.7840175 0.0003325 4.8093e-11 1.9393e-13
3.7846825 0.0003325 4.7555e-11 1.9200e-13
3.7853475 0.0003325 4.8061e-11 1.9200e-13
3.7860125 0.0003325 4.7797e-11 1.9248e-13
3.7866775 0.0003325 4.7205e-11 1.9032e-13
3.7873425 0.0003325 4.7009e-11 1.9080e-13
3.7880075 0.0003325 4.6865e-11 1.8969e-13
3.7886725 0.0003325 4.7387e-11 1.9779e-13
3.7893375 0.0003325 4.8042e-11 1.9200e-13
3.7900025 0.0003325 4.8031e-11 1.9200e-13
3.7906675 0.0003325 4.7271e-11 1.9200e-13
3.7913325 0.0003325 4.7907e-11 1.9200e-13
3.7919975 0.0003325 4.7747e-11 1.9200e-13
3.7926625 0.0003325 4.7378e-11 1.9200e-13
3.7933275 0.0003325 4.7118e-11 1.9200e-13
3.7939925 0.0003325 4.6940e-11 1.9635e-13
3.7946575 0.0003325 4.6586e-11 1.9200e-13
3.7953225 0.0003325 4.8077e-11 1.9200e-13
3.7959875 0.0003325 4.7336e-11 1.9261e-13
3.7966525 0.0003325 4.6979e-11 1.9681e-13
3.7973175 0.0003325 4.7582e-11 1.9200e-13
3.7979825 0.0003325 4.7481e-11 1.9794e-13
3.7986475 0.0003325 4.8205e-11 1.9347e-13
3.7993125 0.0003325 4.5174e-11 1.8762e-13
3.7999775 0.0003325 4.5538e-11 1.9245e-13
3.8006425 0.0003325 4.6226e-11 1.9205e-13
3.8013075 0.0003325 4.7447e-11 1.9200e-13
3.8019725 0.0003325 4.7119e-11 1.9200e-13
3.8026375 0.0003325 4.6362e-11 1.9200e-13
3.8033025 0.0003325 4.6497e-11 1.9200e-13
3.8039675 0.0003325 4.6883e-11 1.9200e-13
3.8046325 0.0003325 4.7026e-11 1.9200e-13
3.8052975 0.0003325 4.6674e-11 1.9200e-13
3.8059625 0.0003325 4.7331e-11 1.9200e-13
3.8066275 0.0003325 4.6380e-11 1.9200e-13
3.8072925 0.0003325 4.5520e-11 1.9200e-13
3.8079575 0.0003325 4.4684e-11 1.9200e-13
3.8086225 0.0003325 4.4985e-11 1.9200e-13
3.8092875 0.0003325 4.6981e-11 1.9200e-13
3.8099525 0.0003325 4.7991e-11 1.9200e-13
3.8106175 0.0003325 4.7078e-11 1.9200e-13
3.8112825 0.0003325 4.6099e-11 1.8804e-13
3.8119475 0.0003325 4.5916e-11 1.9126e-13
3.8126125 0.0003325 4.6627e-11 1.9390e-13
3.8132775 0.0003325 4.8077e-11 1.9832e-13
3.8139425 0.0003325 4.9042e-11 1.9415e-13
3.8146075 0.0003325 4.8115e-11 1.9275e-13
3.8152725 0.0003325 4.7290e-11 1.9231e-13
3.8159375 0.0003325 4.7693e-11 1.9140e-13
3.8166025 0.0003325 4.7932e-11 1.9594e-13
3.8172675 0.0003325 4.8145e-11 1.9594e-13
3.8179325 0.0003325 4.7930e-11 1.9163e-13
3.8185975 0.0003325 4.7336e-11 1.9428e-13
3.8192625 0.0003325 4.7980e-11 1.9677e-13
3.8199275 0.0003325 4.7678e-11 1.9422e-13
3.8205925 0.0003325 4.6957e-11 1.9461e-13
3.8212575 0.0003325 4.6883e-11 1.9200e-13
3.8219225 0.0003325 4.7410e-11 1.9200e-13
3.8225875 0.0003325 4.6835e-11 1.9200e-13
3.8232525 0.0003325 4.5756e-11 1.9200e-13
3.8239175 0.0003325 4.6666e-11 1.9200e-13
3.8245825 0.0003325 4.6907e-11 1.9200e-13
3.8252475 0.0003325 4.5609e-11 1.9602e-13
3.8259125 0.0003325 4.5337e-11 1.9107e-13
3.8265775 0.0003325 4.6036e-11 1.9098e-13
3.8272425 0.0003325 4.5879e-11 1.9527e-13
3.8279075 0.0003325 4.5781e-11 1.9052e-13
3.8285725 0.0003325 4.6360e-11 1.9462e-13
3.8292375 0.0003325 4.6648e-11 1.9674e-13
3.8299025 0.0003325 4.5521e-11 1.9276e-13
3.8305675 0.0003325 4.7025e-11 1.9200e-13
3.8312325 0.0003325 4.6879e-11 1.9200e-13
3.8318975 0.0003325 4.6895e-11 1.9404e-13
3.8325625 0.0003325 4.6711e-11 1.9270e-13
3.8332275 0.0003325 4.7215e-11 1.9122e-13
3.8338925 0.0003325 4.7109e-11 1.8983e-13
3.8345575 0.0003325 4.6128e-11 1.9255e-13
3.8352225 0.0003325 4.6382e-11 1.9200e-13
3.8358875 0.0003325 4.6376e-11 1.9200e-13
3.8365525 0.0003325 4.6154e-11 1.9200e-13
3.8372175 0.0003325 4.7106e-11 1.9200e-13
3.8378825 0.0003325 4.7127e-11 1.9200e-13
3.8385475 0.0003325 4.7267e-11 1.9200e-13
3.8392125 0.0003325 4.7754e-11 1.9200e-13
3.8398775 0.0003325 4.6961e-11 1.9200e-13
3.8405425 0.0003325 4.5934e-11 1.9200e-13
3.8412075 0.0003325 4.5773e-11 1.9200e-13
3.8418725 0.0003325 4.5353e-11 1.9200e-13
3.8425375 0.0003325 4.6150e-11 1.9200e-13
3.8432025 0.0003325 4.7469e-11 1.9571e-13
3.8438675 0.0003325 4.8386e-11 1.9200e-13
3.8445325 0.0003325 4.8802e-11 1.9200e-13
3.8451975 0.0003325 4.7571e-11 1.9305e-13
3.8458625 0.0003325 4.7391e-11 1.9200e-13
3.8465275 0.0003325 4.7036e-11 1.9200e-13
3.8471925 0.0003325 4.6720e-11 1.9200e-13
3.8478575 0.0003325 4.6553e-11 1.9200e-13
3.8485225 0.0003325 4.5814e-11 1.9200e-13
3.8491875 0.0003325 4.5908e-11 1.9200e-13
3.8498525 0.0003325 4.5709e-11 1.9200e-13
3.8505175 0.0003325 4.6055e-11 1.9200e-13
3.8511825 0.0003325 4.7471e-11 1.9200e-13
3.8518475 0.0003325 4.6579e-11 1.9959e-13
3.8525125 0.0003325 4.5481e-11 1.9366e-13
3.8531775 0.0003325 4.5580e-11 1.9038e-13
3.8538425 0.0003325 4.5759e-11 1.9391e-13
3.8545075 0.0003325 4.6381e-11 1.9259e-13
3.8551725 0.0003325 4.7068e-11 1.9381e-13
3.8558375 0.0003325 4.7103e-11 1.8876e-13
3.8565025 0.0003325 4.7469e-11 1.8887e-13
3.8571675 0.0003325 4.6803e-11 1.9154e-13
3.8578325 0.0003325 4.6937e-11 1.9146e-13
3.8584975 0.0003325 4.7886e-11 1.9015e-13
3.8591625 0.0003325 4.7570e-11 1.9116e-13
3.8598275 0.0003325 4.7441e-11 1.9288e-13
3.8604925 0.0003325 4.8494e-11 1.9200e-13
3.8611575 0.0003325 4.8366e-11 1.9200e-13
3.8618225 0.0003325 4.8402e-11 1.9206e-13
3.8624875 0.0003325 4.7757e-11 1.9613e-13
3.8631525 0.0003325 4.5703e-11 1.9892e-13
3.8638175 0.0003325 4.5448e-11 1.9666e-13
3.8644825 0.0003325 4.5987e-11 1.9200e-13
3.8651475 0.0003325 4.6601e-11 1.9200e-13
3.8658125 0.0003325 4.6592e-11 1.9200e-13
3.8664775 0.0003325 4.6659e-11 1.9200e-13
3.8671425 0.0003325 4.6928e-11 1.9200e-13
3.8678075 0.0003325 4.6074e-11 1.9200e-13
3.8684725 0.0003325 4.5880e-11 1.9200e-13
3.8691375 0.0003325 4.6375e-11 1.9246e-13
3.8698025 0.0003325 4.6858e-11 1.9302e-13
3.8704675 0.0003325 4.6571e-11 1.9159e-13
3.8711325 0.0003325 4.5725e-11 1.9806e-13
3.8717975 0.0003325 4.6169e-11 1.9388e-13
3.8724625 0.0003325 4.6166e-11 1.9200e-13
3.8731275 0.0003325 4.5254e-11 1.9200e-13
3.8737925 0.0003325 4.5622e-11 1.9200e-13
3.8744575 0.0003325 4.6322e-11 1.9200e-13
3.8751225 0.0003325 4.7469e-11 1.9200e-13
3.8757875 0.0003325 4.7479e-11 1.9200e-13
3.8764525 0.0003325 4.7222e-11 1.9200e-13
3.8771175 0.0003325 4.6975e-11 1.9200e-13
3.8777825 0.0003325 4.5802e-11 1.9200e-13
3.8784475 0.0003325 4.5753e-11 1.9200e-13
3.8791125 0.0003325 4.6309e-11 1.9200e-13
3.8797775 0.0003325 4.6429e-11 1.9208e-13
3.8804425 0.0003325 4.6286e-11 1.9200e-13
3.8811075 0.0003325 4.6045e-11 1.9200e-13
3.8817725 0.0003325 4.6606e-11 1.9200e-13
3.8824375 0.0003325 4.6963e-11 1.9200e-13
3.8831025 0.0003325 4.6051e-11 1.9200e-13
3.8837675 0.0003325 4.6511e-11 1.9200e-13
3.8844325 0.0003325 4.6917e-11 1.9200e-13
3.8850975 0.0003325 4.6914e-11 1.9293e-13
3.8857625 0.0003325 4.6693e-11 1.9192e-13
3.8864275 0.0003325 4.5324e-11 1.9071e-13
3.8870925 0.0003325 4.3153e-11 1.8691e-13
3.8877575 0.0003325 4.3778e-11 1.9347e-13
3.8884225 0.0003325 4.5406e-11 1.8939e-13
3.8890875 0.0003325 4.6305e-11 1.9302e-13
3.8897525 0.0003325 4.6094e-11 1.9200e-13
3.8904175 0.0003325 4.5457e-11 1.9631e-13
3.8910825 0.0003325 4.4211e-11 1.8950e-13
3.8917475 0.0003325 4.4298e-11 1.9826e-13
3.8924125 0.0003325 4.3859e-11 1.9903e-13
3.8930775 0.0003325 4.5026e-11 1.9200e-13
3.8937425 0.0003325 4.7184e-11 1.9200e-13
3.8944075 0.0003325 4.7233e-11 1.9975e-13
3.8950725 0.0003325 4.7600e-11 1.9192e-13
3.8957375 0.0003325 4.7000e-11 1.9200e-13
3.8964025 0.0003325 4.6854e-11 1.9200e-13
3.8970675 0.0003325 4.6790e-11 1.9200e-13
3.8977325 0.0003325 4.6871e-11 1.9200e-13
3.8983975 0.0003325 4.6345e-11 1.9200e-13
3.8990625 0.0003325 4.5555e-11 1.9200e-13
3.8997275 0.0003325 4.6515e-11 1.9200e-13
3.9003925 0.0003325 4.7369e-11 1.9200e-13
3.9010575 0.0003325 4.6460e-11 1.9200e-13
3.9017225 0.0003325 4.5998e-11 1.9200e-13
3.9023875 0.0003325 4.6108e-11 1.9200e-13
3.9030525 0.0003325 4.6048e-11 1.9200e-13
3.9037175 0.0003325 4.6487e-11 1.9200e-13
3.9043825 0.0003325 4.5655e-11 1.9718e-13
3.9050475 0.0003325 4.6064e-11 1.9200e-13
3.9057125 0.0003325 4.5914e-11 1.9686e-13
3.9063775 0.0003325 4.4848e-11 1.9200e-13
3.9070425 0.0003325 4.6361e-11 1.9694e-13
3.9077075 0.0003325 4.5569e-11 1.8908e-13
3.9083725 0.0003325 4.5499e-11 1.8870e-13
3.9090375 0.0003325 4.6217e-11 1.8576e-13
3.9097025 0.0003325 4.6022e-11 1.8724e-13
3.9103675 0.0003325 4.5345e-11 1.8448e-13
3.9110325 0.0003325 4.5364e-11 1.9197e-13
3.9116975 0.0003325 4.5334e-11 1.8710e-13
3.9123625 0.0003325 4.5560e-11 1.9200e-13
3.9130275 0.0003325 4.6128e-11 1.9200e-13
3.9136925 0.0003325 4.5342e-11 1.9200e-13
3.9143575 0.0003325 4.3744e-11 1.9200e-13
3.9150225 0.0003325 4.4459e-11 1.9200e-13
3.9156875 0.0003325 4.5656e-11 1.9200e-13
3.9163525 0.0003325 4.6790e-11 1.9200e-13
3.9170175 0.0003325 4.7357e-11 1.9200e-13
3.9176825 0.0003325 4.5220e-11 1.9200e-13
3.9183475 0.0003325 4.4911e-11 1.9200e-13
3.9190125 0.0003325 4.4858e-11 1.9200e-13
3.9196775 0.0003325 4.3166e-11 1.9200e-13
3.9203425 0.0003325 4.4273e-11 1.9200e-13
3.9210075 0.0003325 4.5600e-11 1.9200e-13
3.9216725 0.0003325 4.6449e-11 1.9200e-13
3.9223375 0.0003325 4.6383e-11 1.8671e-13
3.9230025 0.0003325 4.5896e-11 1.8948e-13
3.9236675 0.0003325 4.5108e-11 1.9396e-13
3.9243325 0.0003325 4.5065e-11 1.9036e-13
3.9249975 0.0003325 4.5848e-11 1.8921e-13
3.9256625 0.0003325 4.6133e-11 1.9163e-13
3.9263275 0.0003325 4.3786e-11 1.8463e-13
3.9269925 0.0003325 4.4287e-11 1.8647e-13
3.9276575 0.0003325 4.5622e-11 1.9278e-13
3.9283225 0.0003325 4.7209e-11 1.9376e-13
3.9289875 0.0003325 4.7606e-11 1.9091e-13
3.9296525 0.0003325 4.6215e-11 1.9099e-13
3.9303175 0.0003325 4.4807e-11 1.9200e-13
3.9309825 0.0003325 4.4065e-11 1.9200e-13
3.9316475 0.0003325 4.4877e-11 1.9200e-13
3.9323125 0.0003325 4.5601e-11 1.9200e-13
3.9329775 0.0003325 4.5004e-11 1.9200e-13
3.9336425 0.0003325 4.4632e-11 1.8585e-13
3.9343075 0.0003325 4.5437e-11 1.9200e-13
3.9349725 0.0003325 4.5372e-11 1.9200e-13
3.9356375 0.0003325 4.5498e-11 1.9200e-13
3.9363025 0.0003325 4.6153e-11 1.9200e-13
3.9369675 0.0003325 4.6263e-11 1.9200e-13
3.9376325 0.0003325 4.5496e-11 1.8683e-13
3.9382975 0.0003325 4.4898e-11 1.8754e-13
3.9389625 0.0003325 4.4680e-11 1.8557e-13
3.9396275 0.0003325 4.5059e-11 1.8509e-13
3.9402925 0.0003325 4.4590e-11 1.8760e-13
3.9409575 0.0003325 4.4456e-11 1.8598e-13
3.9416225 0.0003325 4.5268e-11 1.8424e-13
3.9422875 0.0003325 4.6432e-11 1.8578e-13
3.9429525 0.0003325 4.6486e-11 1.8669e-13
3.9436175 0.0003325 4.5859e-11 1.8789e-13
3.9442825 0.0003325 4.5979e-11 1.8855e-13
3.9449475 0.0003325 4.6570e-11 1.8621e-13
3.9456125 0.0003325 4.5627e-11 1.8624e-13
3.9462775 0.0003325 4.5026e-11 1.8915e-13
3.9469425 0.0003325 4.4428e-11 1.8719e-13
3.9476075 0.0003325 4.4260e-11 1.8743e-13
3.9482725 0.0003325 4.5415e-11 1.8868e-13
3.9489375 0.0003325 4.5169e-11 1.9338e-13
3.9496025 0.0003325 4.5751e-11 1.9044e-13
3.9502675 0.0003325 4.5655e-11 1.8946e-13
3.9509325 0.0003325 4.4706e-11 1.8724e-13
3.9515975 0.0003325 4.3855e-11 1.8892e-13
3.9522625 0.0003325 4.3470e-11 1.9200e-13
3.9529275 0.0003325 4.3480e-11 1.9200e-13
3.9535925 0.0003325 4.4582e-11 1.9582e-13
3.9542575 0.0003325 4.4723e-11 1.8706e-13
3.9549225 0.0003325 4.4647e-11 1.8639e-13
3.9555875 0.0003325 4.6162e-11 1.9200e-13
3.9562525 0.0003325 4.5657e-11 1.8871e-13
3.9569175 0.0003325 4.4479e-11 1.8700e-13
3.9575825 0.0003325 4.4948e-11 1.9200e-13
3.9582475 0.0003325 4.5696e-11 1.9200e-13
3.9589125 0.0003325 4.4904e-11 1.9200e-13
3.9595775 0.0003325 4.4764e-11 1.9323e-13
3.9602425 0.0003325 4.6475e-11 1.9282e-13
3.9609075 0.0003325 4.6750e-11 1.9456e-13
3.9615725 0.0003325 4.5735e-11 1.9081e-13
3.9622375 0.0003325 4.4707e-11 1.8812e-13
3.9629025 0.0003325 4.4261e-11 1.8523e-13
3.9635675 0.0003325 4.3218e-11 1.8519e-13
3.9642325 0.0003325 4.2360e-11 1.8794e-13
3.9648975 0.0003325 4.3070e-11 1.8628e-13
3.9655625 0.0003325 4.4921e-11 1.8809e-13
3.9662275 0.0003325 4.4662e-11 1.8621e-13
3.9668925 0.0003325 4.3857e-11 1.8151e-13
3.9675575 0.0003325 4.4167e-11 1.8471e-13
3.9682225 0.0003325 4.3802e-11 1.8384e-13
3.9688875 0.0003325 4.3193e-11 1.8147e-13
3.9695525 0.0003325 4.3506e-11 1.8934e-13
3.9702175 0.0003325 4.3661e-11 1.8894e-13
3.9708825 0.0003325 4.3209e-11 1.8616e-13
3.9715475 0.0003325 4.3654e-11 1.8902e-13
3.9722125 0.0003325 4.4495e-11 1.9200e-13
3.9728775 0.0003325 4.4387e-11 1.9200e-13
3.9735425 0.0003325 4.3414e-11 1.9200e-13
3.9742075 0.0003325 4.3482e-11 1.9200e-13
3.9748725 0.0003325 4.4298e-11 1.9200e-13
3.9755375 0.0003325 4.4983e-11 1.9200e-13
3.9762025 0.0003325 4.4289e-11 1.9200e-13
3.9768675 0.0003325 4.4428e-11 1.9200e-13
3.9775325 0.0003325 4.3103e-11 1.9200e-13
3.9781975 0.0003325 4.2614e-11 1.9200e-13
3.9788625 0.0003325 4.2826e-11 1.9200e-13
3.9795275 0.0003325 4.3178e-11 1.9200e-13
3.9801925 0.0003325 4.3726e-11 1.9200e-13
3.9808575 0.0003325 4.3163e-11 1.9200e-13
3.9815225 0.0003325 4.3164e-11 1.9200e-13
3.9821875 0.0003325 4.3489e-11 1.9200e-13
3.9828525 0.0003325 4.3106e-11 1.9200e-13
3.9835175 0.0003325 4.3087e-11 1.9200e-13
3.9841825 0.0003325 4.4134e-11 1.9200e-13
3.9848475 0.0003325 4.3869e-11 1.8473e-13
3.9855125 0.0003325 4.4131e-11 1.8143e-13
3.9861775 0.0003325 4.4224e-11 1.8770e-13
3.9868425 0.0003325 4.3434e-11 1.8297e-13
3.9875075 0.0003325 4.2602e-11 1.8113e-13
3.9881725 0.0003325 4.2727e-11 1.8315e-13
3.9888375 0.0003325 4.3872e-11 1.8324e-13
3.9895025 0.0003325 4.3705e-11 1.8003e-13
3.9901675 0.0003325 4.2946e-11 1.8625e-13
3.9908325 0.0003325 4.2625e-11 1.8443e-13
3.9914975 0.0003325 4.2358e-11 1.8522e-13
3.9921625 0.0003325 4.3123e-11 1.8791e-13
3.9928275 0.0003325 4.4112e-11 1.9176e-13
3.9934925 0.0003325 4.3831e-11 1.9350e-13
3.9941575 0.0003325 4.4124e-11 1.8697e-13
3.9948225 0.0003325 4.4915e-11 1.8684e-13
3.9954875 0.0003325 4.4235e-11 1.8554e-13
3.9961525 0.0003325 4.3037e-11 1.8168e-13
3.9968175 0.0003325 4.3107e-11 1.8273e-13
3.9974825 0.0003325 4.3355e-11 1.8248e-13
3.9981475 0.0003325 4.2617e-11 1.8946e-13
3.9988125 0.0003325 4.1768e-11 1.8259e-13
3.9994775 0.0003325 4.1649e-11 1.8151e-13
4.0001425 0.0003325 4.1728e-11 1.8390e-13
4.0008075 0.0003325 4.2161e-11 1.8353e-13
4.0014725 0.0003325 4.1930e-11 1.8850e-13
4.0021375 0.0003325 4.1930e-11 1.9200e-13
4.0028025 0.0003325 4.2791e-11 1.9530e-13
4.0034675 0.0003325 4.2265e-11 1.8146e-13
4.0041325 0.0003325 4.1461e-11 1.8312e-13
4.0047975 0.0003325 4.0274e-11 1.7979e-13
4.0054625 0.0003325 4.0293e-11 1.7558e-13
4.0061275 0.0003325 4.1179e-11 1.7920e-13
4.0067925 0.0003325 4.0228e-11 1.7917e-13
4.0074575 0.0003325 3.9802e-11 1.7616e-13
4.0081225 0.0003325 4.1019e-11 1.7896e-13
4.0087875 0.0003325 4.1467e-11 1.8206e-13
4.0094525 0.0003325 4.1521e-11 1.8042e-13
4.0101175 0.0003325 4.1972e-11 1.8168e-13
4.0107825 0.0003325 4.2137e-11 1.8700e-13
4.0114475 0.0003325 4.2270e-11 1.7786e-13
4.0121125 0.0003325 4.2158e-11 1.9200e-13
4.0127775 0.0003325 4.1390e-11 1.9200e-13
4.0134425 0.0003325 4.1581e-11 1.9200e-13
4.0141075 0.0003325 4.0848e-11 1.9200e-13
4.0147725 0.0003325 4.0440e-11 1.9200e-13
4.0154375 0.0003325 4.0660e-11 1.9200e-13
4.0161025 0.0003325 4.0104e-11 1.9200e-13
4.0167675 0.0003325 4.0479e-11 1.9200e-13
4.0174325 0.0003325 4.1743e-11 1.9200e-13
4.0180975 0.0003325 4.2091e-11 1.9200e-13
4.0187625 0.0003325 4.2304e-11 1.9200e-13
4.0194275 0.0003325 4.2066e-11 1.9200e-13
4.0200925 0.0003325 4.1236e-11 1.9200e-13
4.0207575 0.0003325 4.0833e-11 1.9200e-13
4.0214225 0.0003325 4.1227e-11 1.9200e-13
4.0220875 0.0003325 4.1792e-11 1.9200e-13
4.0227525 0.0003325 4.0898e-11 1.9200e-13
4.0234175 0.0003325 4.1055e-11 1.9200e-13
4.0240825 0.0003325 4.0194e-11 1.9200e-13
4.0247475 0.0003325 4.0442e-11 1.9200e-13
4.0254125 0.0003325 4.1094e-11 1.9200e-13
4.0260775 0.0003325 4.0620e-11 1.9200e-13
4.0267425 0.0003325 4.0044e-11 1.9200e-13
4.0274075 0.0003325 3.9838e-11 1.9200e-13
4.0280725 0.0003325 3.9610e-11 1.9200e-13
4.0287375 0.0003325 4.0546e-11 1.9085e-13
4.0294025 0.0003325 4.0402e-11 1.8086e-13
4.0300675 0.0003325 3.9862e-11 1.7902e-13
4.0307325 0.0003325 4.0026e-11 1.8236e-13
4.0313975 0.0003325 4.0263e-11 1.8662e-13
4.0320625 0.0003325 4.0766e-11 1.8439e-13
4.0327275 0.0003325 3.9678e-11 1.8198e-13
4.0333925 0.0003325 3.9416e-11 1.8304e-13
4.0340575 0.0003325 3.9965e-11 1.8571e-13
4.0347225 0.0003325 4.0141e-11 1.8920e-13
4.0353875 0.0003325 4.0779e-11 1.9138e-13
4.0360525 0.0003325 4.0331e-11 1.9346e-13
4.0367175 0.0003325 3.9944e-11 1.9200e-13
4.0373825 0.0003325 4.0132e-11 1.9200e-13
4.0380475 0.0003325 4.1673e-11 1.9200e-13
4.0387125 0.0003325 4.1053e-11 1.9200e-13
4.0393775 0.0003325 4.0517e-11 1.9200e-13
4.0400425 0.0003325 3.9734e-11 1.9200e-13
4.0407075 0.0003325 3.9291e-11 1.9200e-13
4.0413725 0.0003325 3.9192e-11 1.9479e-13
4.0420375 0.0003325 3.9399e-11 1.9328e-13
4.0427025 0.0003325 4.0556e-11 1.9931e-13
4.0433675 0.0003325 3.8469e-11 1.9009e-13
4.0440325 0.0003325 3.6863e-11 1.8362e-13
4.0446975 0.0003325 3.7473e-11 1.8706e-13
4.0453625 0.0003325 3.8124e-11 1.9200e-13
4.0460275 0.0003325 3.7949e-11 1.9200e-13
4.0466925 0.0003325 3.7928e-11 1.9200e-13
4.0473575 0.0003325 3.7251e-11 1.9200e-13
4.0480225 0.0003325 3.7169e-11 1.9200e-13
4.0486875 0.0003325 3.7991e-11 1.9200e-13
4.0493525 0.0003325 3.8224e-11 1.9200e-13
4.0500175 0.0003325 3.8053e-11 1.9200e-13
4.0506825 0.0003325 3.7810e-11 1.9200e-13
4.0513475 0.0003325 3.8657e-11 1.9200e-13
4.0520125 0.0003325 3.9695e-11 1.9200e-13
4.0526775 0.0003325 4.0512e-11 1.8901e-13
4.0533425 0.0003325 3.9961e-11 1.9471e-13
4.0540075 0.0003325 3.9337e-11 1.9239e-13
4.0546725 0.0003325 3.8570e-11 1.9008e-13
4.0553375 0.0003325 3.8485e-11 1.8751e-13
4.0560025 0.0003325 3.9317e-11 1.9576e-13
4.0566675 0.0003325 3.9428e-11 1.9197e-13
4.0573325 0.0003325 3.8730e-11 1.8696e-13
4.0579975 0.0003325 3.8075e-11 1.8532e-13
4.0586625 0.0003325 3.8443e-11 1.8690e-13
4.0593275 0.0003325 3.8844e-11 1.9305e-13
4.0599925 0.0003325 3.8449e-11 1.9486e-13
4.0606575 0.0003325 3.8022e-11 1.8878e-13
4.0613225 0.0003325 3.8617e-11 1.8274e-13
4.0619875 0.0003325 3.8628e-11 1.9978e-13
4.0626525 0.0003325 3.8158e-11 1.9200e-13
4.0633175 0.0003325 3.7711e-11 1.9200e-13
4.0639825 0.0003325 3.7604e-11 1.9219e-13
4.0646475 0.0003325 3.9710e-11 1.9200e-13
4.0653125 0.0003325 4.1901e-11 1.9200e-13
4.0659775 0.0003325 4.1817e-11 1.9200e-13
4.0666425 0.0003325 4.1762e-11 1.9200e-13
